17506	1
381.224700	201.099799
510.267241	213.640254
638.362181	1307.814518
722.407836	116.659951
766.420348	155.266012
819.952484	68.023892
850.465698	438.976982
894.479552	1387.492699
924.661499	141.580265
979.509033	492.648758
1023.521788	496.396561
1042.246887	131.646723
1115.931578	194.649840
1136.607483	315.964656
1199.686999	265.323227
1249.375670	121.186286
1278.689269	190.036176
1300.690857	231.442207
1359.339049	131.138213
1373.464538	157.915600
1393.707383	287.094342
1424.181579	88.329445
1441.773253	184.251548
1454.778746	185.052450
1470.291197	244.696161
1634.885973	826.759556
1918.077051	328.869584
2127.135457	257.504198
2287.288838	639.233893
2374.318525	1313.984727
2374.322657	537.148826
2502.415426	521.769507
2549.403467	221.205947
2603.462753	643.702680
2702.533215	823.969200
2904.383453	325.472134
2944.666014	780.704985
2944.675182	245.628181
3100.770259	2029.165065
3213.854240	611.235674
3278.936195	195.190859
3359.922788	432.164922
3386.436800	325.071136
3538.839110	347.686463
3595.023499	1537.718998
3726.165896	281.083792
3864.021507	1295.092315
3864.024877	1313.888488
3880.186069	556.925665
3931.055017	371.486163
3982.232485	277.254425
4001.608114	282.047407
4023.121907	314.401330
4080.309249	609.621575
4178.375043	311.848577
4236.395059	288.000117
4338.815448	310.933005
4344.230444	372.414595
4362.572325	222.023310
4386.792413	341.008540
4409.454893	441.870346
4483.379124	236.932155
4542.357533	423.591810
4701.448817	401.264273
4834.675266	386.642263
4860.588006	235.017642
4870.571269	678.079719
4890.696394	457.967123
4891.706256	246.744574
4891.706666	845.031503
4994.755928	300.556602
5037.769097	2015.541475
5038.771063	1106.658865
5052.316473	293.688376
5095.789087	456.128163
5160.706078	344.208004
5161.698954	676.599665
5237.754406	221.460227
5241.832610	419.196803
5257.856309	1208.876854
5258.856536	3648.202944
5258.857913	1300.176919
5334.759666	356.810415
5352.171765	343.844373
5399.854473	310.201441
5400.946977	151.901704
5401.959380	299.376479
5442.959428	295.456022
5442.988890	442.238430
5519.287079	211.314364
5672.113133	306.070127
5673.112724	462.958513
5704.974469	306.849602
5799.157689	605.171007
5801.163409	395.219920
5835.246723	803.626653
5877.450668	393.072585
5898.110253	351.950296
5995.270581	329.534602
6022.298039	631.330239
6023.303728	688.634737
6055.651888	260.319504
6125.786616	445.978287
6139.351506	300.529051
6205.759289	328.349165
6378.485757	188.121845
6464.566758	415.953329
6506.576632	303.045184
6507.552597	613.066613
6537.177864	151.483061
6587.394617	296.089875
6610.152766	412.391116
6682.920641	540.702194
6692.640690	245.452713
6709.659426	603.546103
6709.675674	646.901084
6746.124952	183.188760
6837.703406	179.580282
6856.623318	260.927232
6981.109393	362.064852
7148.929181	419.105339
7150.934112	491.666551
7193.944105	1184.187173
7196.933502	645.064709
7224.748021	340.831196
7239.779891	1385.178557
7240.778530	1874.389146
7240.809335	685.316498
7350.033669	457.948368
7351.040151	739.052454
7426.060264	301.308189
7459.950483	219.381763
7617.957279	1006.693898
7634.123983	219.305157
7667.211978	212.848144
7770.049055	175.608779
7790.075312	422.835059
7860.085849	470.738706
7898.073985	279.708259
8019.164015	294.964723
8021.175563	465.567524
8038.933853	394.501559
8062.422660	337.062039
8103.399450	350.754724
8177.477421	300.558268
8217.448042	560.900238
8218.486847	908.710749
8219.469501	453.962309
8313.315195	595.487812
8332.525877	581.976032
8390.546687	781.907946
8390.548719	576.469412
8435.986028	311.629258
8490.590678	274.458342
8560.638517	241.484156
8571.845958	273.453898
8587.642121	251.827324
8604.692746	282.337115
8673.710826	682.084634
8688.707978	548.668404
8688.743945	688.356504
8689.628614	467.811784
8703.147265	582.951194
8714.713100	410.472806
8732.766488	816.836945
8733.666220	346.731874
8733.737117	1432.414823
8753.656527	563.411305
8764.321162	221.891818
8772.580647	1950.072277
8774.588661	1074.788400
8833.180014	296.178074
8901.624325	730.571794
9040.942713	591.062470
9114.759458	501.855467
9115.769272	743.870136
9153.015338	246.313114
9193.996395	346.758033
9210.093858	244.928297
9285.845406	534.532400
9331.111005	404.703850
9481.900048	349.886712
9487.164152	332.671951
9489.711215	243.944629
9512.046929	359.643060
9585.250029	593.055321
9799.121136	354.613401
9801.106902	287.749980
9851.628556	448.135314
9871.346411	295.584537
9961.241238	358.802141
10009.280698	460.941691
10044.253334	280.101723
10153.920745	213.379195
10175.589830	256.656745
10207.504858	410.215791
10208.546807	321.553421
10263.531894	445.775177
10312.391675	640.918276
10430.733087	358.555784
10473.813725	202.372911
10490.695741	402.468914
10515.532846	203.545951
10644.703864	453.992440
10658.275021	341.753990
10679.716020	469.152375
10689.737512	501.100076
10795.665856	445.078646
11076.919727	256.995391
11108.882275	331.921895
11215.753733	334.702807
11225.673895	497.707732
11244.444063	313.223468
11452.995553	324.439313
11458.031485	258.051857
11497.307775	329.057273
11522.155007	308.864284
11535.774607	432.352955
11586.223122	450.656081
11586.522822	400.992840
11646.517925	445.056795
11706.202183	364.460989
11710.236014	296.250330
11921.287144	438.627447
11979.261828	216.011983
12060.344586	387.347425
12065.362578	463.485629
12114.871958	303.116743
12133.605231	678.887777
12246.456947	604.498014
12364.572043	280.338579
12395.167994	210.605310
12618.624061	434.526559
12785.364804	441.974078
12821.943283	419.938292
12932.426681	205.690980
13191.406590	241.712724
13285.963476	487.194533
13390.399628	341.772724
13610.112722	498.798947
13697.351200	367.249807
13886.603644	311.705646
13937.213371	272.576019
14010.248150	342.002676
14033.596285	269.020774
14034.313339	255.400300
14178.663366	232.456027
14217.435919	248.852744
14307.536199	231.060501
14415.158734	447.117520
14728.966952	282.071585
14764.114512	350.965201
14776.030530	252.825303
14799.960206	421.091820
14819.704050	480.960672
14867.066822	318.122278
14880.789450	388.146798
14934.105144	246.531635
15100.963260	520.025834
15144.992370	329.221343
15167.134927	397.471146
15197.191605	328.806851
15394.154582	263.787248
15693.984508	399.647255
15774.237439	375.294700
16037.063954	747.556608
16095.296527	400.523057
16118.741900	242.780269
16242.381342	342.994931
16303.996477	616.401762
16320.622189	436.339224
16353.426275	408.153352
16372.128663	248.680612
16426.577964	516.968292
16505.205104	426.234785
16529.176789	364.243092
16748.128681	542.194777
17002.360285	466.899952
17006.318489	356.523751
17282.735088	196.144505
17297.208962	477.595348
17360.242316	676.087158
17394.234073	317.446636
17404.289286	552.057906
17406.166898	712.249023
17445.333949	996.618663
17460.308735	636.935040
17462.507213	1090.654686
17472.366591	432.390198
17474.489490	217.808595
17490.289918	914.481365
