22243	1
672.436462	604.075179
692.751860	226.920730
716.450012	509.572399
846.473694	169.010894
858.589966	241.053495
885.239745	205.132086
1014.534239	246.119247
1232.723986	376.035021
1303.466613	576.174956
1322.482483	455.733728
1335.780016	253.644756
1355.363707	494.497183
1381.667907	510.924007
1388.824572	1427.123044
1426.759948	188.984359
1433.790513	227.864076
1451.096861	260.224688
1478.154358	273.803502
1479.092272	141.032622
1491.257873	332.894434
1501.911120	1601.089138
1879.070599	3113.259560
2771.632460	1950.086849
2985.727433	1188.617873
3339.972265	1237.890780
3783.173629	1664.982874
4113.305177	2052.124815
4398.885143	1281.867566
4481.547172	2406.332844
4526.486928	2412.796660
4526.498481	4966.913886
4668.605661	1750.792679
4669.608364	3238.531386
5017.705844	2568.439722
5017.710648	2286.542152
5055.764550	1796.959298
5201.890004	1456.509121
5327.974863	1819.365076
5887.205028	1280.294533
5930.331135	1257.752249
6126.421704	3255.537296
6199.389921	1243.707852
6268.498313	4946.266474
6384.548013	2546.999655
6411.541032	2032.601329
6511.605820	3618.149995
6568.624852	2425.474351
6720.595017	1504.431734
6767.735153	1544.368905
6767.753858	1239.774545
6781.743127	1361.600394
6833.616897	1486.367702
6909.802609	1249.883468
7021.888742	2924.344329
7022.876456	2710.207535
7074.748047	1506.651801
7175.910378	1295.541173
7323.972204	2809.545654
7524.129535	1303.577947
7535.983918	1562.662195
7601.180829	1400.203937
7710.247255	1124.293492
7910.325162	1701.799558
7932.693750	1326.621785
8081.431681	1205.639398
8082.411588	1299.886031
8198.427075	2897.031299
8236.644979	1126.503675
8329.520401	1079.812403
8590.586353	821.754814
8729.710750	2467.361450
8730.718270	2310.989629
8787.746243	1452.760399
8794.743410	1431.372672
8844.747819	3175.381791
9087.810849	1267.217257
9131.978634	1369.984514
9136.869826	982.916571
9186.940016	1773.810036
9305.596944	1554.510029
9476.110009	1285.004579
9515.119304	1762.604093
9690.944032	1457.709430
10023.373064	1447.242955
10205.501000	1275.638239
10247.964249	949.208439
10516.313272	1190.656487
10581.278705	1585.323459
10659.357833	1218.448687
10700.837794	2250.846847
10728.506868	1118.957441
10750.582071	1276.300080
10767.961365	1609.735900
10853.490984	1316.451969
10941.897947	1226.654918
10963.899881	1564.190797
11091.119638	1446.248121
11173.982144	1766.657409
11261.831746	1299.839283
11290.107199	1192.896240
11683.955812	1679.611062
11797.969165	1062.648299
11991.583764	1210.521213
11998.364208	2082.477916
12063.522979	1623.163015
12266.614218	1580.522718
12301.615393	1567.893755
12341.616656	1463.084192
12379.230173	1487.942869
12450.764634	1526.513573
12605.631643	1134.265399
12758.003031	1506.279137
12759.764829	1439.175274
12804.876645	1557.705645
12924.923756	1246.044625
12947.307346	1043.884123
13022.808786	1277.944394
13032.912803	1188.003125
13135.291604	1285.111750
13170.983782	1569.568991
13188.408744	1140.545710
13188.882891	1123.867252
13213.022182	1283.232374
13247.910643	1337.309805
13310.147172	1479.542642
13366.158915	1172.242669
13367.995297	1392.425773
13505.994953	958.203384
13518.200318	1845.294599
13600.269979	1722.117908
13602.210548	1066.650070
13669.324133	1841.166740
13721.681327	1698.568267
13819.693457	1041.209079
14050.351961	1314.184031
14176.277388	1858.090415
14196.560118	1380.151534
14205.149224	1177.117267
14231.258656	1291.820540
14243.411318	1394.118263
14266.998930	1081.644868
14282.766928	1113.636950
14282.985534	1218.883663
14291.320378	1915.814513
14292.241966	1159.975253
14302.630297	1091.518887
14338.752028	1272.904573
14370.591849	2352.835259
14373.608585	1268.422453
14410.961595	1543.030189
14427.707966	1748.459593
14453.590836	1536.477970
14457.996915	1698.643376
14483.630204	1901.389446
14486.786253	1617.219141
14532.697278	1301.544738
14606.985747	1209.403758
14616.999091	1080.114536
14622.729878	1566.736402
14667.215391	1341.637098
14670.337863	1815.474522
14708.066375	931.597189
14745.459756	928.945877
14855.933326	1070.712530
14888.231722	1231.397648
14904.892016	1863.898613
14953.842006	1283.126499
15036.435659	1095.404484
15109.194069	1702.517901
15138.660459	1865.761174
15166.206887	1464.698599
15199.949949	1639.863383
15259.889879	891.151030
15339.014459	1286.631482
15431.461383	2854.549990
15478.236513	2014.936769
15502.780986	1648.667838
15605.285074	1616.743045
15654.491533	1365.930008
15778.618390	1678.957946
15817.917401	1062.918310
15820.635462	2046.693223
15847.460232	1724.653780
15878.803287	1814.238647
15887.441274	1012.025279
15933.397509	1946.782945
15975.420938	2284.532124
16083.559136	1939.330590
16133.977949	1736.538089
16180.920280	1592.030593
16234.976159	1331.320783
16249.263867	1597.128466
16286.158675	1352.544980
16292.435868	3019.228941
16340.626513	1924.357694
16396.877974	1184.143257
16428.640080	1180.984090
16529.800071	1076.868430
16544.608495	1203.140598
16627.141167	2065.146431
16733.433355	2292.893188
16738.480579	1819.981887
16755.933248	1352.813638
16757.020516	1337.558818
16897.036280	1773.106369
16909.851775	1478.626802
16917.346254	2247.476485
16934.942893	1147.058566
16966.914441	1552.261029
17018.945351	1314.178671
17029.783695	1370.824588
17121.145188	1751.897837
17145.197938	1370.812959
17146.791914	1890.331667
17155.222114	1388.044826
17188.339396	1978.189051
17304.261141	1475.031264
17321.186051	2271.792339
17369.285367	2016.142375
17385.053485	1537.481853
17483.203175	1880.771214
17584.289149	1559.273362
17596.700885	1541.083201
17629.188700	1655.903174
17629.843833	1716.270708
17778.879987	1506.556073
17837.763958	1647.871213
17896.435396	903.396091
17912.431585	1754.854514
17963.394136	1940.269045
18043.753255	1796.630866
18090.997059	1159.048714
18120.828841	1178.360816
18126.462465	1554.148699
18206.882261	1119.020093
18264.865493	1861.310543
18351.684244	1983.495232
18376.868638	2209.791130
18379.899814	1752.831838
18387.273857	1745.233695
18440.988597	1908.329444
18442.938146	1876.379034
18459.308124	1710.470391
18491.688497	1605.299057
18532.963514	1250.822261
18744.338874	1739.303444
18796.403844	1326.277805
18836.307207	1964.311859
18941.175661	1676.218072
18977.817424	1647.384449
19011.654740	1580.703525
19044.275731	1880.156187
19050.947998	1899.472769
19060.910545	1784.921782
19159.269301	1861.259144
19214.757464	1395.816425
19318.186290	1218.260352
19365.444087	2131.456219
19397.708090	1305.067861
19483.059305	1872.851424
19557.466858	1103.693483
19616.166282	2416.529796
19670.801033	1890.771295
19701.323976	1335.135644
19703.816918	1234.465902
19724.055595	1404.385578
19809.491360	1603.952973
19851.219398	1304.135931
19889.666508	2099.683496
19922.140331	1401.910822
20029.383199	2040.387481
20036.299795	1766.986662
20047.431130	2145.969148
20057.351534	1477.097772
20062.752517	1568.546985
20069.299588	2020.883557
20072.763834	2037.848224
20120.348599	1285.064004
20140.802474	1144.744925
20149.985343	1281.104954
20220.727090	1332.241786
20221.766195	1471.333153
20231.051236	2027.652954
20254.355041	1631.922638
20311.838379	1799.454776
20356.062829	1497.305897
20366.904774	1609.170529
20396.818736	1254.313729
20414.763824	1497.933456
20435.878652	2034.247596
20466.049972	1682.807469
20509.080917	1441.206272
20512.229159	1974.348081
20531.953816	1609.658238
20553.023418	1873.034485
20565.279324	1701.931295
20590.583073	953.657770
20646.216108	2197.390074
20741.552620	1501.368561
20768.077664	1521.535778
20780.008031	1735.496971
20814.150306	1803.565342
20817.410785	1674.682202
20831.096101	1510.825028
20843.156892	1762.478838
20852.752834	1288.307603
20868.782767	1999.697187
20869.600991	1867.173065
20884.548075	1940.301722
20910.199513	2142.358690
20925.968097	1452.855943
20930.014344	1202.770696
20949.991365	2238.337702
20997.965735	1490.071222
21001.227689	1751.480210
21015.011427	1746.853065
21030.149946	2180.616527
21048.618771	2533.328394
21077.173827	2490.672374
21135.183610	2756.797990
21142.930570	1159.204959
21144.757937	2392.674403
21171.806238	2091.074316
21200.365878	1878.745525
21218.651967	1420.538565
21252.775785	1540.972718
21269.495850	1791.374215
21323.804128	1409.395335
21367.360792	1291.268465
21380.928501	2546.031070
21420.714624	2285.593253
21434.748402	1485.931260
21449.124319	1580.125472
21480.126476	2066.278924
21482.802479	1517.681431
21483.224206	2124.446054
21496.257854	1737.734618
21538.544749	1192.494716
21568.398610	1488.358277
21582.812342	1492.641992
21663.302038	1308.079826
21719.142852	3089.609560
21744.627327	2185.194477
21746.210318	1888.175479
21750.889969	1188.760930
21764.190306	1462.859034
21790.949482	1334.551526
21871.451063	1368.536454
21872.982461	1598.618709
21891.976645	2407.480583
21908.834764	1757.293226
21922.004350	1815.374911
21961.587644	2811.729623
22058.573602	2203.427050
22083.663621	870.670202
22088.318392	2134.361760
22088.572883	1969.178642
22140.997875	1464.475976
22155.885636	2828.056229
22163.895580	1491.815755
22176.843206	1963.393331
22197.918559	2185.126552
22212.996661	1743.115369
22213.063703	2220.679157
22225.091082	1353.920169
