34453	1
542.293883	69.444254
560.171080	47.430969
588.779051	33.241534
613.330383	41.215889
638.321257	130.954737
665.969176	56.874003
679.451721	63.183816
949.133850	43.293587
971.702697	35.812347
990.224791	50.926803
1006.070128	52.679105
1018.672667	65.977009
1035.356506	40.452472
1057.527819	39.275347
1095.171007	27.535844
1149.834092	37.497390
1170.611924	49.293942
1213.218737	27.844391
1241.647935	90.239461
1247.276427	28.976162
1275.618028	529.337764
1299.652819	84.852582
1370.692370	222.168535
1388.702746	1048.382019
1422.396960	75.931588
1630.828356	704.606697
1793.892740	455.873835
1860.480254	27.665157
1864.929608	380.168782
1882.009423	28.774288
1896.825592	55.900532
1898.027484	40.076196
1914.988672	48.323190
1916.055493	32.490143
1929.715710	54.063887
1959.765493	34.489271
1966.863803	46.791709
2013.529875	51.927234
2060.153271	56.607156
2510.346596	35.701231
2617.775483	35.173893
2659.835211	66.035113
2703.352538	131.226165
2733.975896	107.371399
2747.876715	73.881799
2763.729236	58.341081
2789.582652	85.539162
2808.010199	89.271337
2819.522454	75.774455
2823.443223	69.747756
2882.690256	32.025265
2886.080693	68.675338
2899.998767	65.083410
3120.501538	42.344706
3182.677901	60.525286
3315.234211	83.391940
3330.646722	44.897144
3377.860297	97.418474
3429.449197	112.041820
3523.590875	95.203308
3560.326973	120.674420
3613.360976	116.682376
3672.847190	69.993019
3715.990438	81.653494
3736.961232	62.941984
3758.492474	76.088065
3768.735147	47.525636
3786.773392	76.333771
3798.839554	68.588597
3804.510297	55.929801
3828.846313	81.775214
3829.920942	52.031644
3864.735618	73.838962
3890.608188	67.059703
3928.559403	52.791181
3957.011111	64.094673
4007.953931	58.761680
4071.488229	91.072184
4253.928701	89.821462
4424.358340	87.509545
4488.208549	158.524245
4523.885414	82.487310
4628.961557	87.345147
4641.045998	73.844945
4669.162044	66.484179
4834.620945	91.933863
4897.579381	99.631657
4912.032281	96.204422
5034.721451	94.248302
5052.718918	279.538476
5104.706376	66.190523
5323.870790	49.520860
5450.895141	67.228086
5494.450101	96.417859
5499.677972	138.724404
5516.507487	103.745454
5530.958066	110.100499
5570.835490	108.907296
5598.968188	95.842640
5605.845848	65.446210
5631.962435	70.402711
5632.073470	103.807876
5685.668981	64.963111
5717.459333	101.825443
5772.657336	147.036014
5805.178739	362.963747
5988.314044	99.714867
6042.932330	101.254007
6129.098874	92.015891
6136.313913	290.404164
6167.411115	84.123117
6169.295954	232.367333
6202.284898	127.368868
6210.444540	209.861465
6300.340395	126.259956
6301.706458	65.843247
6335.392044	80.436012
6342.530558	112.816030
6412.509190	82.849213
6426.917661	141.414323
6452.695912	61.336898
6570.907437	110.556542
6814.399286	125.470901
6876.427322	92.637287
6984.519040	132.597160
7060.467146	190.727516
7067.908609	90.085990
7221.596506	154.435936
7285.560077	84.068891
7317.275937	101.757032
7317.283501	124.356971
7339.828296	105.255404
7365.572823	117.114446
7416.016357	103.634051
8050.303466	85.528744
8091.877693	108.260935
8094.468020	141.287796
8136.240934	84.350395
8255.598742	252.723517
8289.688024	113.558659
8327.078586	89.274036
8381.487825	105.434627
8424.345225	94.498774
8425.667056	85.654971
8494.874654	138.158788
8546.279008	132.855688
8563.610970	99.007139
8625.298636	143.075412
8745.794673	119.035118
8855.317351	158.568407
8989.983686	199.296689
9057.313480	119.008239
9121.912303	143.503518
9232.052189	143.806326
9243.098598	127.811219
9285.018742	124.439750
9419.665975	139.188702
9529.232460	246.878174
9529.236171	424.161585
9617.116342	99.728007
9830.342561	162.116584
9886.867280	107.816919
10098.412413	126.793271
10188.809944	134.417033
10691.875955	146.552615
10766.918431	121.758880
10970.604416	115.908949
11040.893204	165.149594
11072.685845	234.495321
11348.170753	208.816914
11698.129083	197.942680
11789.960622	159.205985
11862.746133	131.284950
12016.834356	102.035887
12235.541758	152.097363
12293.611097	437.780590
12295.596848	739.732987
12320.605335	188.385916
12368.639398	518.987952
12410.640002	315.701288
12440.641737	998.604642
12440.665644	991.535811
12454.643143	477.304618
12459.637820	341.084161
12477.606238	444.574251
12481.599725	731.183459
12497.701858	1657.661863
12500.673855	1016.944324
12506.641938	267.917143
12510.672552	525.336755
12527.737768	586.222886
12551.716335	1518.218555
12553.703230	1395.829569
12569.717474	4468.775348
12569.718341	4956.660326
12569.722229	438.387217
12584.703682	762.608743
12584.717860	721.096818
12651.799018	342.848052
12667.774189	1420.849756
12720.767248	446.693103
12720.787647	497.897107
12734.781794	409.919778
12735.769612	194.371438
12738.791694	717.638761
12751.616109	152.961979
12780.790442	1322.843779
12796.787255	1748.626373
12797.811926	3921.826021
12799.835163	262.466943
12809.815393	682.115803
12825.815902	343.047086
12835.108599	161.223746
12850.849344	476.851311
12851.836113	940.268041
12868.833030	2427.198338
12868.846232	3473.303217
12869.859899	422.212750
12940.687267	195.703311
13029.907137	246.948312
13030.926459	888.598290
13032.911823	643.138789
13190.353560	233.518586
13255.450579	148.411259
13325.974442	476.244937
13346.165558	118.117594
13358.245402	140.675805
13485.473707	164.618484
13518.502950	141.427357
13520.750796	115.506983
13573.023733	254.401519
13597.793456	131.737513
13900.408371	154.275688
13949.258619	187.067437
14125.199584	164.699309
14359.620731	484.553194
14383.648278	687.989072
14396.537976	431.182534
14425.645254	732.197335
14442.656809	1049.877165
14497.697730	1480.472095
14514.681045	3088.871794
14532.693771	492.375398
14632.932565	192.232857
14805.366148	193.695057
14867.763170	195.036244
14949.431904	142.801000
14958.125216	149.220016
15014.550975	215.212111
15034.015696	176.028039
15068.292573	355.393359
15198.467918	249.477157
15237.557642	241.098914
15270.341261	141.799762
15471.248776	217.628488
15511.653572	250.536120
15740.339376	157.417963
16116.127983	253.407542
16161.573391	158.444470
16296.731091	137.325726
16411.918024	190.265185
16898.560047	160.777558
17013.879933	168.302709
17022.039055	237.006259
17172.109168	346.414281
17253.708806	262.860380
17277.470441	210.546323
17331.765058	164.432749
17625.054572	224.191418
17848.164873	220.004081
18042.536086	190.486837
18456.258791	259.300237
18462.567719	261.836487
18540.722358	182.877298
18542.229092	301.794034
18874.589808	173.680300
18913.245781	205.949413
19090.557449	243.267754
19192.942628	200.656135
19316.397788	214.618304
19374.594310	211.729568
19515.887665	270.290156
19534.862397	228.036806
19848.859834	193.791783
19851.621159	158.968419
20096.691379	243.940630
20274.281204	384.358945
20566.303188	169.021905
20771.157100	189.160111
20813.579430	417.188365
20836.270477	216.434661
20860.180059	189.465015
21075.465045	284.287539
21246.675561	275.523383
22092.673161	233.883326
22263.685978	234.894548
22423.877031	133.947036
22447.312883	270.661165
22485.716988	354.010093
23062.829924	261.090836
23103.102346	252.195823
23169.755317	253.706489
23638.870493	214.749005
23651.847178	163.548242
23776.567698	444.198560
23845.571120	297.113087
23954.679998	339.057442
24511.498519	265.595043
24538.290618	197.757854
24576.623296	317.073691
24701.005579	257.032437
24840.806812	561.273761
24880.443439	300.826065
24962.641336	188.182212
25096.026799	458.413709
25331.585277	1352.544399
25417.046603	354.693307
25478.430553	475.879720
25504.341439	283.576707
25586.220782	404.012373
25678.666838	514.170420
25718.701630	246.425714
25764.559390	600.117446
25868.770886	490.407103
25889.936679	297.344464
26096.421144	298.214860
26099.792388	328.443707
26128.887403	327.406965
26250.830874	246.753073
26331.714029	252.330980
26357.248631	527.598833
26691.487964	309.547928
26737.074367	283.985506
26765.780051	383.933609
26793.034834	441.307810
26854.417965	191.000961
27046.732341	422.755586
27106.746078	412.877899
27180.698840	196.644201
27393.709017	357.036813
27459.969884	227.556385
27544.962952	386.216494
27711.170088	403.338937
27775.653413	384.297156
27812.901562	227.235231
27925.758220	368.531675
28194.834340	747.410488
28332.800307	267.395549
28552.437246	313.534560
28572.556875	314.107781
28695.159457	364.826123
28722.726805	341.218702
28770.387098	282.180649
28866.601886	338.833646
28897.193515	287.763997
28918.549936	487.677918
28926.941848	448.668773
28942.938506	273.644690
28987.497083	367.151535
29053.775859	361.238638
29067.677587	294.372083
29124.874750	254.387025
29164.013871	294.990012
29177.947922	391.000469
29190.762732	410.222657
29239.489795	339.629991
29314.070101	525.317383
29413.877696	482.768157
29442.778959	299.489435
29495.076629	611.650407
29498.031359	816.782484
29527.286117	338.701188
29577.834016	360.278576
29578.063849	581.237541
29583.634998	490.062152
29621.041392	481.281097
29728.480493	293.334803
29732.276048	665.885835
29821.848028	355.033595
29886.928719	356.062811
29910.468755	339.396981
29938.782419	405.529904
30082.604865	410.102271
30166.868823	316.485711
30236.166166	356.806990
30248.668969	402.147128
30378.372834	257.271375
30425.308342	375.400079
30555.041001	408.090312
30704.277513	372.746433
30813.407325	321.700550
30967.562537	316.761839
30996.260623	331.435446
31120.247341	435.660439
31160.221274	332.596993
31183.040891	265.960271
31207.220778	461.069008
31221.590369	420.263176
31274.063524	489.365927
31374.695150	298.765928
31385.381780	364.667337
31464.774544	251.924712
31510.500682	272.760739
31616.606645	323.721015
31616.851177	618.635411
31631.967316	523.715297
31680.114249	346.694100
31711.388590	432.687871
32066.773667	432.479647
32246.811563	241.125173
32260.628375	404.318644
32261.452036	348.094253
32356.762901	443.117002
32528.219509	384.929561
32539.682903	362.226165
32575.686918	344.220350
32622.695512	463.011448
32738.708051	385.478210
32809.986553	298.940215
32849.259866	400.844551
32921.120216	369.199639
33052.309043	313.937111
33082.066279	439.649745
33253.356718	346.904064
33351.094535	278.071112
33381.364956	318.824386
33521.933126	314.247167
33637.035722	474.333102
33742.908200	373.395249
33767.344527	367.055364
33831.874283	497.464385
33888.022608	323.413601
33906.064836	433.573951
33935.480975	270.675951
33939.349806	419.828186
33996.351632	285.626159
34045.486175	420.399776
34052.327039	612.021629
34060.699147	366.899282
34076.692879	389.439734
34134.801384	411.976027
34140.741469	398.795001
34153.635488	418.938742
34169.644361	405.448305
34202.865901	278.514655
34246.757770	395.721650
34274.941931	481.164892
34288.102609	396.951821
34334.692522	734.587496
34341.688500	346.434515
34353.041839	471.662320
34383.738156	420.556224
