41897	1
645.353270	15.225736
765.690917	12.184269
780.416748	26.199815
851.056457	13.286150
864.833252	14.403669
911.785461	15.627750
930.003479	17.747015
951.799987	24.909429
973.303772	19.693493
996.084105	18.322727
1027.245299	30.101191
1043.559875	40.794906
1057.554260	27.393285
1072.565367	49.291116
1135.223571	26.190272
1186.211853	23.172109
1219.987976	51.911838
1300.706604	64.332805
1313.600768	34.376456
1332.065857	51.437779
1417.231505	76.894618
1439.097716	75.766948
1460.118346	48.133859
1475.886413	46.549948
1490.241638	61.430539
1555.853942	46.693779
1576.086120	40.534395
1595.983214	34.466074
1612.925720	73.083022
1755.861998	40.965958
1985.374936	69.120920
2019.068004	30.785271
2071.182031	39.040392
2084.014307	35.191754
2119.103518	21.843275
2164.855125	23.902227
2191.647466	21.351228
2207.183348	36.999499
2299.211179	44.167482
2352.015293	43.709461
2364.055083	29.101753
2376.306300	33.406611
2405.120168	33.597959
2425.298833	36.294987
2461.379300	95.023606
2478.176902	53.744455
2503.099521	86.347626
2544.261377	50.262341
2573.254796	82.841337
2602.876614	48.530687
2620.866848	41.518462
2641.791553	44.818856
2654.003803	45.375777
2677.649566	53.859109
2699.435698	66.060983
2727.434453	34.204762
2807.411029	64.358910
2831.578765	50.017674
2854.537500	47.973615
2878.351218	51.502647
2898.327789	50.218374
2916.408844	60.721816
2932.467587	57.432866
2944.204265	37.194574
2952.636372	38.824100
2973.203908	79.470849
3000.533354	45.216392
3014.964503	78.629879
3037.251208	41.138010
3056.649951	30.928007
3079.754439	28.119367
3106.415321	36.808384
3332.157733	36.388097
3360.615306	39.270784
3365.227623	110.054958
3397.578085	44.117436
3425.167300	27.151124
3443.749912	45.385680
3482.568670	50.573848
3629.426864	41.614184
3657.461799	48.832923
3672.747070	47.042186
3690.383079	47.003198
3703.947867	108.892834
3718.746127	34.166511
3744.947046	56.606983
3761.173784	123.850143
3782.514768	125.439737
3813.130728	87.499028
3855.422917	63.024824
3916.897675	46.645500
3946.768444	71.399968
3963.804546	98.124135
3985.660367	94.840170
4038.396230	55.181502
4093.049906	65.715595
4108.180979	74.393837
4131.724324	53.487405
4142.762618	65.634472
4173.823555	95.594057
4196.355408	71.234479
4210.621929	75.446695
4227.490269	48.096004
4248.927550	65.204363
4262.310027	99.062465
4280.237831	76.251953
4300.330353	76.294562
4320.474177	99.356844
4375.977446	65.466844
4391.449182	56.037951
4406.182153	56.210034
4427.534599	73.952508
4454.139474	50.341670
4478.181932	139.554883
4533.514559	62.557798
4542.119649	42.480741
4565.321403	77.547145
4574.721042	83.261421
4640.146055	61.014735
4666.592386	56.425194
4683.045412	74.527796
4698.458583	61.093987
4721.049503	49.500557
4743.199223	104.176866
4954.107116	46.423990
4968.479095	65.501794
5023.492246	77.198022
5043.473120	59.295721
5057.264624	90.797628
5067.878555	48.852378
5121.244195	73.044808
5138.139785	87.478637
5160.152367	115.302573
5200.372103	73.966627
5328.213279	111.353499
5354.782762	89.798242
5401.701244	64.858973
5424.357303	54.178888
5454.861135	72.802609
5475.286492	56.799786
5546.545850	72.653649
5564.955916	75.739255
5580.096998	57.349352
5594.996901	97.762272
5596.998470	95.617136
5619.479637	81.896654
5650.428057	129.328727
5664.804522	134.164607
5701.598170	98.176451
5719.147469	52.466293
5738.066802	121.696137
5749.250109	57.390443
5778.276773	91.842668
5811.850394	76.146920
5826.722640	67.796643
5828.026478	71.083861
5829.025941	98.378379
5846.241534	69.994522
5848.826164	64.098146
5863.045573	105.551786
5877.446190	68.142012
5905.463660	107.884625
5929.821383	63.425853
5938.916885	59.330390
5970.519317	78.706197
6008.470361	124.899088
6089.478294	68.980544
6101.841178	114.609834
6107.053416	73.909275
6136.944140	62.890910
6163.991275	64.277195
6205.882745	105.865643
6207.770397	58.649135
6238.201096	82.286866
6260.779230	68.765980
6262.752087	62.015912
6289.924924	63.547148
6305.303237	64.385083
6340.175786	53.212301
6371.812278	92.308538
6425.974266	93.753339
6444.587997	80.615378
6450.472867	130.354575
6486.404256	65.104502
6515.105283	102.154492
6540.868813	149.081830
6553.178993	71.969695
6571.462847	60.294871
6636.478077	123.461818
6678.274188	68.219525
6694.438280	135.874389
6753.235115	100.767512
6844.805531	106.921019
6895.354693	60.265166
6957.430775	66.659594
6989.963135	91.687156
7022.446323	94.174607
7066.030478	87.218889
7081.471273	121.441582
7086.824527	99.362375
7103.421386	66.704059
7125.735490	144.562745
7200.864419	106.818849
7268.578033	148.618229
7312.005615	115.648566
7335.047303	124.511699
7356.653446	76.397065
7367.672074	138.759544
7497.233745	91.322636
7600.163098	50.832972
7601.135615	101.464612
7658.616684	101.863192
7664.310122	162.845893
7747.913809	90.699587
7828.018435	96.025689
7923.923599	50.036152
7937.179633	68.180358
8008.736854	100.500321
8048.772414	152.209696
8076.281120	96.327485
8112.433106	75.920026
8177.121996	89.960469
8223.403743	97.951602
8269.354106	89.810838
8288.337464	62.646511
8337.836558	94.317084
8409.795917	89.279135
8444.610451	78.874270
8480.245031	88.794863
8498.074315	81.666549
8536.467534	104.051810
8563.742809	160.279556
8667.178264	92.924979
8763.658894	133.930288
8777.048794	172.139610
8802.809231	105.002929
8988.427062	70.398693
9085.844309	94.447208
9133.632577	82.991560
9195.154296	87.983354
9320.945803	111.729883
9347.927226	105.050196
9373.042443	57.861878
9456.591284	78.717210
9538.022641	108.440898
9639.639604	98.900201
9758.031161	129.507747
9942.534780	132.219965
9981.387654	67.377168
9986.066047	98.477368
10045.804433	81.875501
10120.317809	134.862672
10168.462441	90.247071
10183.942369	95.941042
10206.104149	50.476285
10214.529669	135.032160
10256.912095	155.763993
10457.708836	120.877001
10551.807188	80.729236
10587.002176	136.899330
10719.490519	114.192216
10752.218937	130.475277
10892.394272	134.721338
10914.572024	79.516013
11206.292193	109.724976
11422.008862	103.930896
11763.714510	80.710443
11869.168011	149.185471
11888.656899	99.770056
12418.238436	158.305212
12631.388163	127.386575
12662.876343	141.045943
12924.963607	85.331675
12944.337376	147.045661
12980.413862	166.796289
13027.134892	139.642345
13304.453302	88.272681
13436.208638	122.985926
13653.878254	118.372972
13711.407353	94.824051
14215.186921	112.088216
15181.303427	129.156922
15401.990871	150.754807
15935.663099	89.104062
16266.921670	144.434360
16320.020774	150.384124
16331.211786	233.024522
17002.068746	88.405699
17128.411395	131.086381
17480.375167	123.563449
20345.370015	187.003116
20691.159722	180.613519
25827.297488	201.048548
27269.352394	137.857977
27547.976455	267.134893
27565.749871	231.390341
35769.259656	179.662697
