22592	1
516.284911	1341.391569
644.343993	1170.369708
687.450988	831.259595
715.736114	361.698450
904.847412	679.425534
929.485168	546.136082
957.463318	661.987444
1015.024596	586.982471
1057.606140	498.697788
1057.607409	517.619339
1113.589097	477.956501
1128.645006	799.440364
1128.645202	843.272722
1228.616198	1280.909099
1322.139269	472.238530
1339.701281	456.939387
1357.714341	919.960067
1374.981554	439.909813
1390.911974	442.107664
1407.419908	447.235937
1429.814366	2463.013465
1429.815905	3380.211031
1454.730333	1621.212974
1472.740710	12180.698304
1486.976427	369.160480
1507.789538	980.533072
1566.873569	2438.787609
1585.825060	5257.035740
1780.433025	1035.632529
1792.950815	613.787065
1862.964886	797.976874
1899.981951	1000.953499
2282.246846	859.719037
2624.112990	784.906351
2691.912889	833.243611
2737.713994	948.500054
2756.120533	810.237987
2767.008063	618.503416
2824.732164	727.977997
2843.150882	1394.010290
3035.401268	786.024297
3120.637933	1939.262558
3200.347069	30486.551932
3307.832936	775.475757
3390.771675	3545.553565
3416.915178	1743.146949
3525.467553	507.189013
3554.604814	684.894295
3580.500954	486.842199
3629.416371	857.088028
3751.861767	1722.601445
3763.935978	1693.429121
3834.581591	2802.378635
4163.208709	1027.982359
4192.260948	2307.759683
4263.256460	967.321864
4278.351257	11235.299016
4278.368481	1275.228213
4279.348787	13097.295793
4333.307818	1175.990870
4360.301596	659.597955
4361.231632	1113.479647
4401.292967	772.511736
4446.927572	1026.384867
4491.854628	885.677636
4504.440082	3078.115597
4533.704292	724.831835
4574.926827	744.731427
4625.442422	784.553008
4644.374148	776.928280
4732.605757	4185.669674
4732.606563	8885.905728
4847.050130	16632.909670
4897.530139	2235.495017
4936.503079	812.370151
4978.511754	965.542593
5184.804947	1076.291018
5205.640004	3190.092476
5255.775865	1238.717454
5262.341121	767.033168
5332.737668	1585.871858
5429.844600	1972.922736
5431.727364	1301.302098
5505.377448	7464.811189
5537.036776	1203.199556
5561.996148	865.099541
5587.735017	847.827983
5604.047599	10213.151148
5605.044535	3985.290123
5777.150897	1370.876940
5801.093473	613.638370
5815.170912	1471.605923
5830.168054	2072.786435
5847.163994	3247.945992
5847.173429	15392.109982
5847.175395	22994.882157
5929.507898	883.146417
5989.354064	1027.051375
6001.380126	883.923908
6073.592810	2031.874822
6131.303036	766.485230
6131.303519	2345.831010
6152.151816	1340.582153
6228.704903	1678.496199
6258.404807	877.086079
6337.651377	1244.205856
6347.441299	2057.423179
6446.507593	2988.200407
6474.651972	738.549651
6517.532722	3185.584109
6601.531268	1608.312339
6616.610156	3998.715419
6654.527422	813.743692
6670.566586	1387.213810
6752.366930	834.737478
6769.705147	1412.261440
6774.462405	2070.242957
6805.500243	1378.469261
6999.568221	2521.150244
7077.547882	760.576314
7146.811179	979.212784
7228.845926	1084.153278
7269.419150	1833.690247
7280.492786	762.024518
7349.814649	823.415814
7389.819414	2771.070735
7603.984654	2262.108140
7608.455942	1000.406377
7635.044538	2167.691097
7686.822194	770.008078
7776.079108	2220.161323
7809.051579	1272.595085
7824.737299	775.546165
7894.146713	1221.012040
7982.099496	1169.016997
7990.292892	1493.038012
8053.223304	1524.748651
8156.470618	2341.849739
8192.371299	5430.967361
8199.217790	4906.674719
8290.276439	719.510152
8356.264719	2290.755429
8530.603979	1945.761779
8553.522591	3104.570962
8571.381259	987.058085
8649.346936	1450.132545
8689.581444	1015.524199
8722.629247	3501.882685
8779.353932	1254.591127
8834.647283	4017.335108
8919.623353	1726.975979
8943.753009	611.687691
8951.726507	8817.093385
8971.543528	1791.115442
9019.905169	2606.307363
9041.588836	1139.533948
9063.808470	7445.431847
9065.125748	1218.926649
9148.855862	1386.722177
9176.812235	1966.505104
9230.863547	5322.760127
9231.849831	5394.715865
9249.888633	25354.983202
9249.890177	19235.111185
9305.880292	2135.293888
9328.730944	1773.421783
9339.877964	1278.412491
9366.908611	1672.254526
9382.631386	1338.567581
9395.942722	7881.165506
9396.946149	16951.014112
9396.953856	3337.239573
9414.991327	2242.523149
9435.192713	2096.132390
9465.985795	3250.451517
9482.993394	6959.967475
9483.990817	26006.360841
9494.918587	2214.300794
9525.010087	2584.836167
9539.983728	6404.816183
9564.996324	5806.679440
9579.009726	6490.933807
9580.009103	23360.255745
9598.025046	8736.565383
9598.031389	12809.460193
9621.988511	2877.325461
9622.996647	2884.996233
9636.036330	3660.326480
9652.054731	5476.901472
9670.054739	3948.303664
9694.080591	4695.636104
9710.105347	69851.896067
9711.113691	10930.464557
9823.192780	24847.678127
9941.234161	1319.148366
10010.095539	469.199079
10052.901371	3109.220113
10055.266802	4786.740808
10074.407231	1971.076547
10167.305168	5674.585404
10319.402902	2730.110212
10321.499539	2567.628583
10424.017721	1168.193402
10491.547435	2902.387578
10513.677105	1263.199483
10538.507027	17450.033406
10651.587103	29601.952757
10652.579827	4013.585534
10692.611960	1518.028367
10703.560917	4287.409602
10724.607141	3385.812613
10742.574610	4858.963345
10745.626331	3439.982089
10761.658274	15163.993376
10762.633781	21602.067994
10778.653300	8529.606711
10780.645256	24644.370216
10807.618886	1704.666843
10876.736153	4535.464889
10893.745666	9583.673334
10948.794413	6556.783331
10950.793302	6371.094414
10992.798428	8459.338520
11009.790262	3423.065394
11017.772630	8228.663516
11034.772742	32457.720370
11050.812790	11856.596949
11051.790294	3810.508051
11051.809629	170063.275203
11163.915472	12841.422052
11411.529880	1199.891409
11520.192993	1952.234132
11693.846342	2786.704811
11749.569701	2312.383763
11839.834022	2701.561818
11962.227125	1927.961789
12031.108618	1078.835830
12089.241584	1209.384536
12093.936182	747.313381
12098.588717	1325.817819
12221.058796	1314.260177
12236.083745	3374.926620
12268.503602	1266.791905
12295.950216	1410.205220
12381.452857	3272.960421
12472.021674	1783.424069
12488.710438	2056.352771
12692.843438	4382.782658
12754.298744	1972.037330
12852.640177	3326.929861
12969.240731	1800.043296
12999.674545	1630.977278
13029.257954	1251.080486
13044.859849	3356.301464
13114.110020	2340.386399
13186.857410	2323.134795
13256.426470	1475.632474
13329.435000	803.308976
13392.550748	2068.554682
13401.378280	2257.781281
13703.160729	707.884381
13715.340076	2187.884942
14063.390403	1467.225969
14121.729288	952.371383
14152.475352	1444.010181
14236.240195	701.394107
14505.223860	2070.604303
14608.759121	3219.794568
14809.056944	3061.897793
14886.919310	3876.056151
15005.421186	1566.384853
15248.682690	2967.555894
15263.453334	2356.132003
15365.576421	3828.550338
15377.325340	2302.229341
15458.276373	3224.546223
15465.964749	1932.713963
15716.725345	1378.441191
15836.615899	1474.883777
15838.885112	1647.092524
15904.016132	2892.667219
15909.049890	3674.639031
15994.833299	1896.342488
16115.992546	1366.604027
16166.946045	1114.143898
16276.262157	2052.820003
16352.678648	1615.147981
16616.234331	3954.111366
16687.952630	1990.239150
16749.902369	1113.857230
16854.100083	1720.175480
17002.833414	4420.932270
17017.197415	2971.091230
17085.795598	1208.224263
17236.118099	2062.174271
17280.818446	713.623062
17486.923953	1858.134276
17549.169577	1348.272907
17615.484892	2318.827687
17717.348162	3312.796580
17752.520388	1710.047545
17770.998073	1432.585640
17828.380658	2431.562667
18185.284451	4960.413923
18315.076946	5756.718653
18366.029498	5437.105657
18497.153961	1447.590076
18575.401898	3789.829135
18666.089377	3102.407725
18720.898444	4258.424506
18754.762595	2502.134899
18778.772925	3791.969642
19016.123697	1668.290351
19016.861180	3795.665151
19047.039862	7366.207934
19048.724263	12938.199181
19097.536099	2532.779461
19106.500844	1707.354092
19152.998929	1079.260670
19170.414765	2923.113138
19184.407619	2484.345735
19195.046179	210092.631405
19322.834668	2320.101030
19422.530287	4339.929797
19515.290093	2886.510520
19610.206732	1407.515942
19618.431316	5015.626995
19734.253565	3587.717593
19770.578153	1213.094081
19778.500038	1473.823072
19808.187320	1224.553350
19973.744530	1703.440259
20223.032651	4452.893440
20306.966234	3421.886792
20349.891654	1297.526571
20391.218518	3901.586180
20474.782215	5077.515285
20513.200919	1971.203532
20839.753407	3766.994799
20962.849155	2656.043103
21058.327057	2544.403790
21150.509058	1233.015379
21174.163160	4940.425973
21182.131780	1556.691535
21183.066668	1591.301525
21186.282410	3462.587635
21217.962956	1600.160691
21227.087249	4962.130908
21271.142628	14289.172607
21293.812999	1945.676835
21362.608605	1278.381236
21374.462913	3299.845850
21377.675280	816.127565
21436.072726	3949.641685
21478.442100	734.615069
21574.164447	900.895432
21683.727243	3214.366071
21715.100174	1749.604043
21742.660711	3335.368881
21752.459312	4055.164555
21798.278832	2980.885194
21835.568019	1110.587144
21933.451150	2725.055257
21956.653978	3515.735821
22052.503322	2568.490659
22067.519039	2074.234734
22085.313337	2002.985754
22095.505497	3436.865797
22198.828218	2103.112058
22289.737510	8642.417862
22294.438168	1995.426812
22327.663703	1703.647102
22362.832698	4116.049109
22376.605602	1446.382206
22498.056332	1907.025854
22550.677338	3016.278814
