19559	1
510.292906	128.099833
527.319152	225.957759
582.325133	417.913849
717.346008	159.941213
795.425720	92.830599
808.420897	76.977791
923.448486	785.232569
979.533447	179.052898
995.554686	110.304925
1015.536498	80.323763
1036.532776	1018.178856
1050.571350	226.001594
1079.568419	119.544980
1108.638243	990.834099
1186.127990	82.663032
1199.596985	632.333644
1238.642273	260.346828
1298.665710	614.624001
1345.535094	229.079012
1397.734435	459.962435
1421.007506	127.453013
1449.760240	211.892183
1457.735289	164.709551
1462.803209	167.766223
1490.752136	161.647459
1725.909043	653.154268
1823.974973	765.433440
1924.046167	707.176240
2047.089270	468.685527
2166.174705	489.809509
3244.705763	457.525535
3864.580785	355.368370
3972.526219	444.714057
4274.678031	550.867672
4435.287730	329.704979
4720.425877	774.528445
4790.454605	233.126568
4790.457121	612.889319
5102.639685	704.754384
5102.642114	672.775543
5204.001009	414.990526
5230.735198	554.244887
5682.993879	1106.088294
5796.085438	473.944928
5796.093634	379.144813
6025.151415	342.699525
6319.893337	479.400641
6366.341470	582.023300
6367.341300	874.185983
6433.285354	267.755226
6502.068327	549.574542
6612.868935	432.589418
6617.485763	1364.873047
6617.491823	1198.844128
6629.261890	1048.811719
6742.586769	441.341635
7018.534580	558.778766
7111.593644	862.576166
7154.386164	391.474595
7200.678432	576.854040
7351.743730	317.367000
7363.588352	509.485312
7596.270337	472.444637
7802.074384	1593.125202
7812.016169	295.296456
7892.983513	293.103598
8071.255534	552.505923
8156.088388	696.039979
8184.332158	999.143153
8313.185111	310.955185
8382.457503	1279.239268
8383.462770	625.349984
8397.136820	463.354111
8477.294774	321.258725
8511.817134	645.100523
8568.328607	713.956316
8650.879123	297.650445
8689.552443	505.040086
8801.501858	637.260440
8836.477059	599.606118
8858.023933	894.855866
8872.762153	586.505217
8898.313469	1397.852348
8899.326090	608.919917
9006.602934	523.563726
9033.485329	673.996412
9097.452019	974.143798
9189.694131	451.310087
9210.191680	421.238592
9308.652194	2543.295886
9313.675034	405.332817
9381.664283	391.869810
9462.694294	322.680349
9478.700580	1552.901411
9514.818976	411.249303
9660.720719	323.610006
9684.766982	304.222915
9712.804429	513.634876
9858.889415	401.024143
9910.954497	441.384400
9927.958040	491.754984
9947.041361	562.823879
10049.236867	678.458159
10068.638173	695.001505
10137.149627	359.935292
10220.219920	353.039037
10346.121083	461.378362
10379.066666	487.318089
10387.197356	538.318177
10562.035767	389.838323
10585.782450	440.127159
10654.792184	464.287307
10664.278831	855.825922
10664.291178	1914.329450
10672.564084	480.300660
10799.353900	506.775091
10913.437088	995.768896
11044.529402	725.320463
11068.179396	459.395004
11175.570396	1391.486146
11306.836926	622.174575
11318.587066	515.704071
11353.758664	350.307101
11364.994120	378.086220
11381.984331	502.313526
11479.839410	843.512466
11489.007641	596.199601
11597.781680	955.869074
11730.123822	329.638020
11756.314529	680.760455
11822.871554	698.613783
11902.575783	915.331483
11937.951009	798.365459
12052.037920	1440.954149
12072.339075	320.873047
12181.057143	526.783056
12294.731966	490.026198
12476.495615	813.216896
12493.315160	371.821475
12506.957174	440.891915
12561.331646	440.893784
12574.323050	637.567591
12627.424278	336.589075
12684.181846	325.230788
12765.978945	658.246394
12875.124742	337.609217
12900.538744	439.363854
12923.907699	502.519972
13052.933381	516.706031
13176.826172	631.817459
13196.487989	475.822311
13204.702668	368.453840
13262.683544	482.859447
13391.881409	469.804029
13532.657749	558.936405
13666.867158	572.988418
13685.465621	396.523254
13810.015179	461.184424
13820.927949	332.033964
13874.158062	265.073259
13876.127318	312.879307
14057.192369	377.981191
14280.071074	239.230193
14469.283285	380.377257
14489.345378	387.244073
14504.323566	974.402123
14557.385238	905.708223
14636.487827	827.213203
14676.419391	429.412109
14731.476817	486.153119
14737.339633	336.345548
14747.476903	618.646349
14819.883964	449.992575
14861.536074	1029.112120
14898.620788	393.422872
14916.521802	326.087801
15080.788111	500.059187
15160.609957	479.008503
15234.692088	864.603171
15236.528165	698.691345
15253.652740	469.817850
15300.736396	443.847330
15374.681931	358.318653
15386.800736	544.999760
15413.717879	843.736158
15419.771175	928.008108
15462.169306	278.737871
15549.753152	738.545208
15585.817223	629.380610
15617.776555	717.675994
15635.836486	510.656579
15664.886416	680.183816
15670.964498	764.553643
15697.973277	792.634580
15701.005678	906.548237
15759.738801	636.460477
16003.095960	440.770209
16021.069326	432.728727
16039.327809	1879.241863
16049.134940	765.202509
16060.086651	345.228148
16074.769868	330.858673
16120.248556	339.658892
16130.077462	810.588617
16181.178931	459.043083
16199.133781	379.194180
16473.345529	457.818542
16486.075071	265.221729
16486.323655	745.405186
16531.749381	795.307325
16664.372444	321.111134
16795.593402	793.025735
16808.520491	368.063695
16811.556976	2300.075007
16813.560870	986.439781
16896.582423	275.791231
16910.587946	608.282668
16928.590623	1236.912272
16979.567591	582.994226
16996.667471	637.694287
16998.622256	897.974528
17016.626668	691.553829
17061.773530	357.261925
17089.662778	639.230024
17111.709239	1443.777735
17112.667112	1654.660300
17149.685311	1583.220268
17149.690974	1421.069536
17181.687060	1061.900285
17182.725164	1780.784169
17202.720948	613.298898
17206.769191	1377.892164
17215.675276	1454.074279
17244.759411	1175.327795
17245.698463	1144.140185
17245.738916	3393.341001
17262.772271	16452.192316
17263.782115	3600.069454
17264.771521	3753.248656
17279.751309	555.862917
17280.767884	49550.141701
17280.768691	14197.375376
17280.777088	10067.528303
17295.766378	2576.287498
17296.785134	743.675151
17359.849188	770.111090
17375.799953	2433.011652
17393.827483	7727.640708
17393.876695	6208.526165
17394.825726	1884.989613
17427.791489	521.301669
17443.787287	577.182916
17448.859021	737.640036
17460.787318	751.363371
17460.881726	894.158568
17486.853530	1776.860973
17486.923158	852.259579
17504.868614	3779.499996
17505.916880	3177.852489
17522.888591	6519.458137
17523.912413	5576.433327
17534.918975	1074.941032
17556.899268	565.604730
17567.919623	830.772038
17567.961690	563.970262
17611.680743	359.842101
17616.993566	2094.909114
17617.951011	2167.540674
17634.959600	6790.652625
17635.987633	10405.671480
17646.976331	1040.908625
17655.971339	601.473620
17675.033938	854.977263
17688.999428	924.205811
17697.970175	577.442728
17718.061504	1431.800847
17735.032531	4897.332050
17735.049699	7913.063961
17749.227434	1670.497110
17817.084343	1071.152148
17833.101648	1435.244083
17834.137432	5845.147270
17849.066573	754.804554
17852.867952	535.172122
17907.538993	569.728198
17919.125201	719.482220
17928.267853	398.453331
17936.635756	442.324880
17953.140543	461.467408
17995.114418	1138.157619
17997.154871	4262.864691
18031.995039	516.680435
18188.259468	499.242868
18222.286974	437.140382
18395.389984	419.987314
18414.003425	461.566373
18436.353486	1316.896749
18449.425158	697.858975
18451.407044	3750.454334
18528.994446	544.118445
18548.254385	594.504792
18550.519631	1255.379736
18564.456406	1833.194646
18585.536279	684.064162
18624.128325	557.283266
18653.122326	627.687651
18665.867446	416.411109
18671.890835	950.483198
18679.924532	447.800281
18734.688186	603.329514
18792.915021	739.680008
18953.466889	279.470546
18963.153827	410.230936
19003.407085	397.615844
19032.685453	6935.554357
19077.201406	702.363451
19113.859922	317.196820
19211.671364	596.830585
19226.746847	489.559774
19244.821560	2063.101032
19343.887074	970.396346
19358.906441	4515.743044
19415.762268	273.049202
19430.959192	728.678142
19462.432003	453.803641
