49480	1
477.807281	7.399457
850.048828	11.643614
982.527281	11.485829
1012.841246	20.789484
1030.013487	13.099079
1049.554260	35.732070
1074.758605	27.920708
1090.546814	19.394632
1106.010924	22.434172
1126.308288	20.782362
1148.997862	22.221908
1164.346866	13.219207
1174.922667	21.359374
1202.250304	21.220880
1214.467224	40.287271
1227.650451	27.575806
1256.912535	35.588846
1271.572325	51.747987
1287.414733	39.243644
1323.187317	79.515287
1410.043761	31.681862
1434.917662	67.511367
1492.955261	111.462285
1510.140808	72.217075
1540.140930	28.243810
1590.778625	77.215856
1614.843933	85.740120
1628.859924	59.499441
1681.074890	43.379646
1710.723938	45.705170
1734.085387	93.803122
1748.935973	34.723934
1796.775870	80.304072
1838.084935	28.950042
1854.200312	51.600099
1894.714063	39.345159
2321.254692	36.665354
2461.307614	24.373774
2532.136534	28.437614
2564.855856	71.273438
2591.323640	46.155540
2681.913970	43.518936
2695.663482	62.082531
2707.873682	59.221819
2719.797594	44.677538
2735.208880	83.766971
2771.295803	45.480075
2832.682036	57.617153
2856.130762	161.123203
2876.154196	42.039527
2901.848694	67.480294
2945.472802	79.670579
3015.646876	52.437543
3039.857806	53.474097
3052.104876	63.332036
3091.017724	52.749229
3113.872547	47.240775
3158.777006	109.239233
3189.040915	112.073134
3209.346088	127.616329
3243.282528	30.568990
3257.664207	100.573284
3322.365642	39.219335
3349.255464	37.931387
3378.551498	88.337870
3415.265375	96.958525
3428.757706	160.377336
3441.539293	79.447577
3474.046039	76.316504
3500.522103	97.118324
3513.981423	89.119585
3555.386412	52.432837
3615.858011	94.641827
3673.334136	28.602456
3700.798118	52.885672
3713.714693	39.439007
3752.445582	43.454386
3767.414446	62.646353
3793.678006	44.750586
3887.569657	45.490459
3911.503022	60.723627
3929.508111	62.050563
3967.889232	57.697446
3981.251889	60.635709
4053.508966	52.937429
4075.095293	60.599876
4156.662178	170.012826
4187.262726	100.575505
4237.753727	80.305214
4262.605193	51.702202
4272.983176	69.520029
4288.548615	55.282706
4314.625819	57.085122
4332.238368	56.247181
4462.507729	121.501497
4479.272509	86.022170
4499.264352	72.860635
4564.865910	59.362956
4579.200870	93.484845
4604.233182	128.500655
4631.389195	141.581052
4681.408096	54.242884
4706.408272	87.236255
4733.848070	104.400442
4757.460581	70.271094
4824.962468	123.208363
4850.525316	91.210564
4902.331752	68.443392
4914.126235	91.738416
4930.906730	186.850009
4949.737317	62.841002
4975.437634	92.099145
4998.644509	79.057001
5079.218704	37.400772
5118.975836	91.880072
5137.209836	129.119362
5152.850327	82.429853
5174.682640	76.391325
5193.787703	66.068554
5209.791733	48.171153
5233.643963	125.802769
5262.608401	63.699186
5307.761802	40.060192
5376.372061	85.258784
5383.526513	143.929712
5395.829968	96.814131
5420.304081	80.803529
5456.176241	49.524042
5471.778374	121.406851
5484.902532	56.639640
5547.328077	111.208891
5647.520840	53.465061
5686.831568	80.544103
5704.414088	55.520515
5739.230377	182.572052
5765.373362	96.543268
5814.464744	130.933379
5853.517967	157.477987
5903.808386	94.084121
5917.146469	62.490354
5958.719032	87.482778
5982.725943	92.141215
5999.063758	51.209043
6060.484328	99.782341
6086.147414	67.306102
6142.877777	120.848860
6216.931481	109.915104
6239.992112	76.026287
6261.970636	104.377702
6279.772190	42.852625
6321.118478	108.236603
6331.965337	52.966333
6340.547778	71.147995
6379.538565	61.131386
6479.163821	96.130511
6487.777260	60.478223
6531.502106	65.422234
6547.357613	95.270936
6566.118499	103.714147
6601.596505	81.341771
6604.423574	111.703177
6615.046822	124.591935
6625.730100	79.762603
6639.966712	99.116936
6696.820482	60.144521
6722.472013	64.781069
6728.044646	128.872575
6784.426502	70.888389
6806.650623	73.938466
6828.524411	81.883011
6938.924153	172.084196
6956.184895	151.232844
7006.540885	71.489440
7021.096989	73.949746
7091.679102	122.334235
7110.439469	132.384305
7149.455744	90.351591
7168.752000	129.213826
7195.698403	109.452817
7268.574981	222.136917
7283.862906	72.857035
7411.275589	120.419375
7459.304744	114.071095
7484.446184	120.773386
7538.576422	136.206443
7557.590848	128.937034
7627.916764	129.493098
7640.814103	61.265035
7679.590347	102.643338
7684.696353	103.445144
7695.633123	112.922043
7716.661252	129.020942
7772.378218	67.072126
7781.922319	75.923419
7811.318097	62.327621
7813.131587	75.640944
7835.994907	105.493852
7837.331711	170.704288
7857.957618	117.197684
7884.421090	98.247441
7908.804558	89.677477
7922.315933	66.072563
7939.699390	124.796159
7940.134222	90.623332
7997.548713	77.917431
8033.445083	71.241529
8085.491325	113.945892
8091.796166	83.327567
8120.787398	102.982397
8146.392579	85.074050
8159.679776	80.715960
8173.139678	99.092424
8198.872548	109.671788
8209.060371	119.062910
8216.528817	118.230758
8232.361648	62.357789
8235.551621	167.897032
8277.386864	76.110050
8292.429732	80.382090
8325.185093	92.637713
8337.458642	65.621158
8351.068261	70.947328
8398.539731	85.630577
8408.119477	86.567762
8479.401952	99.947448
8571.658532	112.072959
8929.236717	161.984693
9005.672392	104.159895
9030.695058	92.477785
9039.564125	86.850386
9098.712931	55.297380
9103.409141	111.886221
9132.856223	101.995050
9168.379700	127.210603
9171.610792	94.405960
9206.660901	150.280546
9227.990734	111.138748
9250.022077	111.560781
9269.909566	117.729297
9276.856875	83.951168
9284.383779	61.716807
9328.326075	68.953248
9397.788541	93.903871
9400.063248	94.503757
9414.375992	111.138393
9465.089313	65.738273
9488.980907	80.058231
9501.541807	65.429491
9597.595985	119.219652
9657.797502	82.498795
9667.838874	170.809612
9715.947391	180.368964
9812.517380	214.840970
9832.796684	165.181160
9886.775748	155.334564
9887.908543	221.171059
9967.846449	132.468285
9994.834004	402.574893
9994.839937	685.055404
10079.529508	85.979756
10104.654987	89.308058
10152.301482	71.523469
10203.312946	92.670167
10250.448624	64.786912
10325.556867	90.278537
10357.864369	151.154309
10439.354170	86.423753
10451.038988	147.945120
10464.223802	139.761049
10489.175014	166.112013
10505.428267	81.322568
10551.373467	116.189488
10594.319162	90.373192
10887.930404	103.900000
10923.043521	76.597605
10955.084690	161.976325
11029.540380	82.839281
11134.936722	402.932714
11325.946473	109.085214
11343.457553	85.181795
11452.081987	112.843159
11465.482560	143.091400
11465.925932	147.896918
11478.751520	252.133178
11541.923363	89.344980
11681.170986	212.739137
11705.784703	88.960682
11760.459658	78.895443
11763.506729	343.910365
11901.029348	136.775248
11980.954119	108.514369
11991.034334	312.434161
12174.456252	79.128976
12233.507516	115.472615
12341.629817	135.778376
12345.399396	196.222023
12424.548983	124.906308
12472.407920	91.011020
12478.471410	128.935402
12562.069225	140.269558
12717.921543	120.964258
12792.420127	311.328174
12933.451596	147.574410
13023.866063	198.502083
13091.028398	158.369229
13116.481124	69.321316
13377.692803	319.879585
13475.883730	135.916082
13513.766293	136.046556
13579.244227	137.709734
13671.914582	124.374439
13722.312960	154.090131
13729.650947	150.982154
13806.411493	99.919756
13865.413844	142.764996
13947.095976	125.463770
13947.435558	134.501174
13963.202425	123.083159
14084.155403	176.722330
14182.791891	100.456933
14206.849000	105.868120
14354.051541	211.866230
14445.575907	125.313017
14680.015364	157.763215
14841.596441	127.433325
15035.175321	151.968580
15071.085156	84.688413
15251.459299	144.865082
15264.379671	185.736602
15301.858314	214.920036
15410.590585	334.236574
15514.464880	118.914069
15642.292052	110.702403
15758.946333	234.502917
15787.098762	91.775472
15976.830698	90.354597
16072.728791	202.315013
16129.558706	169.645399
16145.562601	585.115667
16147.577720	562.130249
16203.282219	165.065184
16490.529692	181.101105
16494.134202	102.893396
16565.900510	194.118294
16785.620464	98.795390
16853.927073	194.968858
16915.333126	105.701673
17010.617862	159.438037
17034.431439	133.065315
17151.244552	157.989714
17409.919078	147.740404
17799.408860	145.327053
18056.112778	119.060202
18816.994672	146.867654
18833.463269	184.606197
18961.738630	176.612786
19079.917867	167.393442
19221.481174	160.951914
19267.173425	148.673777
19372.266836	172.975452
19667.299045	178.994130
19676.514390	152.461289
19685.869406	151.808452
19755.345099	166.438220
19850.123167	244.493527
20393.759901	152.470840
20599.471284	160.979603
20688.732196	245.693223
21024.817556	339.525827
21165.730941	143.424681
21452.962261	181.412860
21907.934541	215.107067
22041.345247	170.183883
22110.284972	234.953966
22146.380901	97.276244
22267.807683	470.741289
22270.883837	514.802429
23127.574697	293.291990
23231.276980	238.470473
23344.698014	182.400115
23433.960399	215.347450
23497.800345	262.097365
24452.239767	234.652947
24783.613035	189.783694
24919.946378	232.048496
25062.843113	147.418281
25576.865315	144.338272
26544.484602	209.642607
26620.709620	259.070760
27341.426497	197.975395
28231.774228	302.475484
28694.382793	205.448881
28961.793714	406.569052
29389.920725	331.529532
29461.783811	175.278655
30752.419200	308.421012
33525.440864	219.888464
33663.866582	287.584483
33698.990229	380.689354
35350.146283	220.603841
35930.248300	158.946271
36571.898845	252.394016
36630.737326	269.841665
37666.398477	239.352211
37859.387266	189.481912
39914.845873	286.576811
42576.976176	210.697400
43969.951736	306.538777
46441.463426	331.853545
