43711	1
686.089904	18.901585
778.752990	14.888002
840.018614	17.522294
867.709839	27.984557
880.342468	20.954494
907.290527	35.228552
940.948973	34.181855
959.021118	66.057871
1059.387512	30.840089
1103.593077	44.084582
1143.025817	46.001880
1157.542662	54.244323
1175.964415	49.903031
1229.250671	104.813522
1260.418639	46.157337
1310.115539	89.597657
1327.409362	75.945788
1352.985411	63.811651
1390.982971	69.335585
1432.935607	66.065812
1434.203721	40.060863
1478.915954	63.895588
1491.351989	67.337769
1512.608702	58.879553
1552.142760	112.994698
1567.649352	30.399484
1577.826159	16.957162
1598.023375	61.241651
1612.490295	46.162095
1649.757019	52.815297
1754.956559	50.311875
1862.671673	38.456121
1899.038605	24.798043
1958.478920	47.680839
2005.642376	45.064441
2035.102209	39.544292
2048.562079	39.783359
2063.650202	40.679897
2075.734613	35.183634
2146.837064	42.430333
2165.714988	45.961854
2213.794494	55.145211
2230.980616	32.199397
2245.344142	57.777436
2269.418372	50.803508
2295.908597	69.797148
2398.794934	44.814040
2464.320950	87.856748
2512.854111	29.726625
2535.590483	66.089328
2557.338269	32.629341
2569.557027	36.551498
2591.743562	83.928611
2659.198001	110.057298
2662.025350	88.238979
2678.849273	48.696112
2693.638353	46.520142
2715.987648	36.946900
2725.674303	50.859991
2741.679109	72.129702
2764.520801	30.730120
2785.697167	63.755023
2799.508647	53.286239
2815.730121	91.289141
2828.883452	78.790986
2839.963029	30.925123
2892.005481	47.348348
2915.522204	39.726427
2926.712795	64.945387
2930.451033	35.779514
2938.937893	45.927974
2970.062062	33.902899
2972.060096	50.903529
2985.098801	36.505537
3009.161969	47.150150
3019.130427	106.826637
3042.457524	49.503758
3058.840917	26.817710
3063.969775	51.299626
3083.659743	33.111553
3104.130025	47.111873
3104.195412	52.046711
3137.399403	67.686118
3197.049627	60.615555
3217.758196	65.611325
3233.649489	72.741700
3259.727732	38.052949
3283.988869	72.975299
3314.750167	51.144658
3325.809477	52.409647
3355.045612	65.522919
3371.214174	39.764562
3394.577322	53.193989
3404.754053	100.964094
3416.371624	54.514315
3433.363773	52.178703
3512.361385	105.788143
3558.343169	92.131991
3580.471090	87.741935
3584.881813	25.647900
3635.903537	39.500103
3701.790488	51.558206
3745.184687	108.713144
3816.135048	37.313638
3818.713613	79.519065
3833.385376	31.355718
3851.062474	85.063978
3895.135239	123.441057
3927.980243	37.230063
3962.362773	92.727899
3963.488951	23.326590
3987.985074	93.933466
4021.111244	52.269949
4099.360257	33.449102
4109.200528	105.643015
4118.590431	47.165107
4152.391761	105.014898
4162.766016	87.724223
4200.665606	76.438954
4250.590714	57.955307
4256.051054	84.589381
4272.301645	66.207252
4272.338278	179.470760
4292.056720	52.635401
4307.148028	71.722305
4313.761195	76.841027
4338.729963	63.531529
4348.852558	135.185526
4370.221373	62.026846
4378.791886	98.517082
4396.304088	69.504670
4402.393762	63.542691
4407.164623	47.830158
4421.019341	192.953924
4438.363414	57.639307
4446.241745	74.344254
4468.820138	61.605100
4478.366917	70.945554
4483.871081	56.436145
4486.731650	134.463789
4502.105783	102.132999
4514.345822	42.184039
4517.938547	100.862253
4555.591655	94.822239
4568.433505	110.700819
4575.135366	87.141155
4596.570584	67.807311
4648.456650	90.577216
4651.851584	155.069088
4682.405140	67.309778
4723.870701	47.420582
4753.406417	43.872219
4795.585373	59.465603
4823.589439	56.207167
4856.458854	63.775485
4908.657185	70.206723
4925.391776	70.961092
4942.070780	84.236639
4949.591783	56.509861
4985.106127	84.914288
5010.474760	168.364673
5023.689029	75.131225
5027.662657	84.638223
5066.930310	73.025124
5076.486954	117.791053
5096.583533	111.184101
5124.497612	54.031783
5154.238803	94.047119
5170.654948	65.204982
5174.539665	129.948838
5274.840108	73.180060
5319.026041	75.554592
5330.600595	74.955730
5354.784990	250.361432
5354.798126	208.360765
5366.491608	130.460140
5383.875866	136.473695
5392.410429	73.567441
5403.097637	78.229872
5421.314426	116.503500
5452.858419	197.617174
5470.260600	57.523525
5485.624474	119.786248
5489.878672	48.817931
5497.737837	164.454032
5513.088519	67.721979
5527.974383	50.695110
5582.730983	78.878670
5596.508363	195.774251
5599.138624	100.439532
5613.442815	136.230383
5639.700575	53.997338
5656.915990	80.906625
5665.251299	67.349059
5675.218449	53.985934
5687.922925	65.925661
5703.679621	220.875771
5715.003758	77.429890
5721.859872	82.607446
5741.296783	111.757890
5741.680834	77.665190
5757.811385	34.791216
5766.202481	67.096289
5774.147352	75.305127
5778.723947	78.213638
5796.986635	99.127100
5836.765029	141.831004
5885.833786	73.755524
5914.550085	105.692271
5942.042147	68.284390
5970.152800	96.153810
6005.211402	84.702238
6027.288361	59.459305
6040.110360	67.651069
6064.418899	87.385760
6103.071250	130.438550
6129.427093	66.291317
6142.159276	84.995997
6179.490095	75.196796
6202.352153	58.335229
6207.055414	75.571960
6252.775745	63.873509
6290.655929	96.598565
6321.739516	60.813417
6339.948265	82.211742
6358.311532	87.539194
6377.128287	135.840455
6401.013994	49.506810
6427.895653	157.180454
6468.134712	58.761622
6532.316730	124.203118
6551.260047	132.088111
6596.532723	84.291809
6609.609309	92.523940
6615.887124	136.167471
6662.304195	96.757365
6751.544899	120.334386
6764.627833	57.297605
6792.361683	90.534049
6807.555172	81.319088
6840.722052	90.877270
6888.808874	90.317235
6905.848010	132.701557
6907.176144	103.629441
6935.569261	74.883252
6938.765009	66.984180
6957.033210	92.030795
6962.785847	131.634496
6989.316467	199.297660
6991.752612	89.015226
7005.935159	77.221553
7006.238445	95.523948
7022.349112	70.192133
7051.443839	70.460179
7094.184595	123.224190
7131.194644	108.549743
7179.597565	67.316207
7203.052211	93.365829
7216.148647	95.080815
7230.625017	71.241512
7232.964665	117.982676
7268.560180	123.192657
7332.354431	125.332288
7393.413032	101.278843
7419.179161	80.983145
7439.628784	92.908755
7463.740169	111.800394
7503.604973	94.409368
7515.805072	66.988948
7532.379073	127.699619
7544.666357	98.141795
7604.344085	47.187501
7626.335117	121.293746
7657.860009	104.130458
7661.048983	86.985328
7680.146486	102.221935
7692.187571	126.014294
7813.429334	123.496537
7845.438357	110.604641
7917.440257	56.427731
7926.852555	119.776162
7967.574071	68.790743
7972.814104	218.110639
8017.284070	91.925481
8028.284439	141.525123
8061.015072	110.141796
8078.488975	88.114814
8125.955750	110.912987
8136.179235	68.509869
8170.541918	94.717270
8180.085947	70.205624
8196.365700	95.495197
8250.991110	129.531630
8270.031548	106.320635
8396.268829	83.464377
8409.725269	141.195334
8426.748889	78.851745
8429.722570	82.923244
8453.584285	141.507680
8471.188249	114.052980
8475.584007	98.441063
8525.381238	80.224324
8559.246171	91.333783
8575.751903	151.093863
8604.076634	182.269880
8615.148266	130.557120
8638.172506	113.115344
8651.893972	93.516635
8753.405067	52.408857
8753.962117	103.585244
8799.319424	161.419470
8801.214883	206.927139
8865.401557	90.152420
8914.392200	107.387880
8938.331613	125.839262
8959.807574	92.837604
9043.118843	134.426982
9054.996136	97.491347
9059.638721	126.733471
9125.428637	103.837297
9148.894506	69.023845
9161.070312	140.187232
9322.857503	186.702214
9342.897669	262.178857
9372.921154	76.309788
9375.327386	131.616939
9435.658449	84.608601
9472.055853	99.201458
9503.226309	107.681832
9532.966446	121.319176
9534.301359	121.641331
9568.676787	102.097138
9621.287666	121.155136
9676.255373	103.916201
9748.973438	96.162299
9794.258232	109.364227
9870.989045	146.021203
9875.901333	141.365648
9945.200826	95.064086
9951.099637	148.298299
10001.968129	107.756741
10014.122375	99.538374
10059.421559	146.397482
10091.555932	89.407320
10116.981035	204.142870
10131.117148	70.750913
10140.950408	151.194632
10183.628844	111.711489
10231.195280	149.455756
10241.330107	144.999943
10374.159702	99.032049
10417.814306	181.468207
10444.283225	111.674356
10447.028887	148.085649
10468.615043	86.638010
10490.005507	176.577313
10530.159405	135.746847
10542.582993	89.199081
10543.525999	83.409210
10547.945537	186.989777
10563.051972	146.674939
10587.146512	165.336834
10589.174522	91.582602
10617.493773	106.484318
10633.786750	228.194681
10652.296108	82.532316
10678.771104	223.914689
10728.706405	119.933367
10762.265224	111.162221
10763.679578	97.312726
10799.397912	186.194881
10830.102508	110.813992
10878.724756	112.526340
10886.635226	103.628773
11000.734453	110.965872
11061.423536	111.835864
11150.968679	91.262900
11191.012504	268.071773
11191.019335	454.757763
11332.831239	203.389958
11370.757809	191.464839
11497.470093	85.138233
11652.180628	130.082516
11717.393641	188.973310
11726.232116	108.496040
11771.526877	107.307640
11799.179187	131.557190
11950.560567	159.674298
11982.112078	92.333660
12128.046340	87.086548
12245.544375	199.356207
12338.663374	97.271882
12365.440042	134.602969
12419.190157	200.683018
12441.299846	111.246440
12525.079672	164.921048
12539.181408	167.347108
12543.844957	107.870401
12588.271941	89.688152
12602.550579	172.068417
12607.130740	120.862931
12774.977060	137.291095
12846.218501	155.537594
12846.671857	117.284488
12859.656576	146.197138
12889.139647	103.021287
12907.793469	131.070585
13028.371396	107.716800
13050.908807	104.025737
13148.985064	208.546846
13166.609954	223.711774
13293.315618	195.284240
13375.096904	164.466700
13404.121722	172.481163
13459.231594	142.042887
13461.185861	225.362903
13514.260677	120.533430
13525.265018	122.486819
13586.628102	205.109679
13621.932309	112.586418
13648.312164	283.203662
13736.975318	157.489653
13766.559022	171.296713
13888.886982	79.530461
13958.876313	229.037404
13977.751706	100.535241
14096.867279	144.409461
14221.655226	211.002998
14256.420810	207.479549
14359.445864	178.168716
14361.700882	174.095905
14437.868337	172.204218
14663.353574	136.171937
14734.261202	150.433454
14761.839133	171.737514
14817.653618	218.752350
15046.767629	169.043916
15055.120704	195.374147
15203.062358	157.094700
15217.599284	151.834315
15223.121254	226.785554
15275.812520	215.137675
15416.360841	178.525485
15424.806349	249.839740
15502.912865	137.558663
15830.933113	127.206202
15917.291852	152.166913
15969.435732	131.261763
16195.063871	137.695167
16252.454920	179.873376
16321.690111	133.142614
16525.850986	145.652247
16559.189363	113.042347
16719.770628	156.488485
16907.135475	138.672719
16940.941324	173.253554
17085.087168	139.155685
17440.702880	154.400184
17529.989452	200.378638
17547.670399	191.439266
17587.867762	255.937168
17648.604456	137.359066
18011.696083	204.096133
18222.118076	115.934901
18298.623875	344.689683
18303.613583	144.573142
18426.524167	192.093847
18787.601850	162.150553
18796.449921	123.660388
18974.221210	153.735004
18978.619696	217.776490
19017.628429	148.185982
19032.683526	262.749970
19054.176195	211.061252
19246.510861	172.661229
19485.668509	234.463422
19635.789329	202.231373
19707.971976	202.834566
19852.980563	243.771407
20000.176740	186.624073
20011.092751	188.682105
20049.691795	209.276441
20366.245429	217.633664
20451.471953	146.583806
20635.472621	193.289611
20689.378062	198.259221
20818.883126	260.921690
21084.533062	240.077932
21183.382300	197.743534
21238.362554	277.773782
21425.339074	217.451096
21454.960984	186.436330
21630.462939	199.386991
21880.900438	168.594844
22173.167560	180.853413
22330.947138	182.851381
22701.169966	274.747173
22765.384505	215.090784
22787.587165	175.214818
22795.220431	351.166876
22933.548319	234.342933
23343.611598	149.399361
23454.399015	210.036570
23598.588755	216.493800
23895.381133	187.418821
24085.226605	208.895428
24090.929216	131.681500
24132.932340	156.699309
24138.038610	205.474282
24355.487952	204.572155
24399.125036	319.666962
24657.357092	182.329234
24713.446310	146.071933
24943.000869	204.627916
24970.287675	263.381175
24978.084494	207.905796
25076.234618	167.073630
25850.417354	147.212895
26013.754639	404.440659
26334.901060	243.420246
26579.380179	234.344587
26680.828842	245.806859
26832.278324	243.851520
26918.456150	225.938611
26979.438118	209.942120
27595.490252	351.273555
27614.831580	399.375866
27625.647670	183.948752
27809.738124	131.919782
27964.270156	173.049969
28044.388533	139.948132
28104.030566	207.218668
28375.800018	203.509553
29371.515167	330.559791
29608.129741	248.936160
29628.074296	276.796643
30183.308267	305.518470
30268.039631	251.828515
31195.880832	274.983179
31907.668872	237.288145
32635.238990	199.197414
33016.200641	318.831956
33341.503291	352.004309
34192.383478	266.148080
34334.810585	263.256984
34412.979755	269.180783
34939.446053	231.204452
34970.607304	218.375657
35130.117092	237.953760
35195.760004	276.395810
39105.878506	312.283853
39382.874021	226.899393
41592.556024	298.511692
42575.366775	261.637003
