27011	1
914.476257	132.254029
1175.799498	43.672572
1258.675475	88.605443
1295.500671	114.128252
1356.869078	73.660782
1427.523742	110.219850
1451.972228	157.135702
1512.848815	208.648049
1653.022155	180.111355
1783.939983	221.995281
1910.996942	219.787427
2013.044841	210.047127
2108.120521	172.148202
2126.132723	374.740209
2197.170079	535.051200
2265.215247	212.164355
2310.254788	571.047109
2409.323385	726.696645
2570.385167	132.860787
2678.424712	766.271338
2791.533105	303.271729
2791.535289	229.350001
2867.132806	94.656729
3120.811665	140.856752
3578.642306	240.170341
3874.021348	231.002466
4159.075508	113.981530
4331.768520	121.284441
4342.781147	146.182140
4471.720543	185.644614
4541.784029	213.396741
4617.142842	132.941451
4658.503030	135.564714
4683.976699	327.207436
4741.111131	103.367397
4787.144199	145.852147
4845.218168	305.624561
4883.755682	152.705071
4897.230770	214.597992
4923.692387	206.992669
4952.511029	159.167566
4967.594891	137.649949
4987.043935	357.465437
5027.741344	186.344288
5172.755394	273.991005
5211.808230	227.096824
5252.890345	201.820639
5303.812592	325.249088
5375.903403	193.279514
5404.855345	214.463895
5404.857494	765.003904
5460.024477	139.774366
5479.966179	200.086142
5495.005333	580.706226
5517.953631	251.188076
5518.945771	712.895208
5537.000938	429.948684
5552.021925	349.556458
5591.427272	135.973135
5608.046836	275.118800
5609.046331	819.746389
5631.037559	217.633900
5632.028173	434.338166
5733.070809	477.194344
5734.075557	325.753702
5804.106372	297.579785
5804.119050	474.361635
5891.143835	555.114622
5892.147729	456.635954
5948.213556	221.356661
5949.228401	381.693151
5992.973518	297.029560
6020.193987	350.772242
6021.176056	553.490938
6059.887069	235.384297
6076.261581	193.923235
6095.301707	318.544591
6128.556976	216.276265
6151.217132	531.395678
6151.239641	395.099340
6222.706872	200.702669
6279.273760	424.077104
6282.338871	794.623344
6442.334775	432.315735
6443.331283	281.037032
6557.374549	569.143697
6566.982757	99.189589
6600.696615	283.204055
6663.570479	130.964655
6673.398852	203.304449
6688.416228	547.517351
6688.424333	680.496354
6747.431356	163.976566
6777.671179	283.411014
6844.511341	693.016600
6844.516878	326.754808
6864.383920	212.099159
6875.731798	480.948108
6975.539765	302.222786
6978.741137	294.688971
7046.575334	263.802050
7148.813855	235.238598
7165.818433	565.665782
7206.826381	603.928499
7222.818773	382.198706
7223.838353	638.090657
7307.143241	217.402333
7318.902301	240.824938
7335.919342	599.496717
7336.918811	933.986792
7361.717253	174.644178
7370.725501	175.497723
7376.925348	167.683093
7392.943079	672.035853
7392.955116	408.395957
7449.969264	513.628145
7450.966993	611.669802
7487.564324	312.987260
7572.981946	185.017919
7592.146967	407.169844
7725.451856	232.741269
7798.158425	299.692183
7809.044978	216.329656
7828.507248	287.907696
7854.571998	79.439075
7961.056040	135.227063
7977.586303	115.586146
8013.769460	217.298778
8092.600609	361.803337
8110.995362	121.788495
8121.528364	191.590865
8146.097464	306.257179
8198.495918	197.435558
8213.577748	135.925255
8227.457686	114.507328
8472.973754	193.706658
8758.121689	245.203320
8926.888969	191.463319
8979.930959	152.570696
9101.882042	220.720626
9224.635928	672.558086
9225.652883	554.448703
9252.731288	296.754007
9265.645367	144.065979
9287.529382	253.396445
9398.105680	284.944025
9544.639048	311.374509
9589.883178	170.263174
9605.982032	67.836249
9639.924071	309.483142
9677.042477	162.529312
9746.042812	273.817485
9775.006812	299.364151
9958.116233	302.474445
10083.968272	106.686214
10106.560202	124.499068
10163.767913	535.938921
10213.806903	280.652708
10230.242259	428.136434
10431.955677	397.248527
10479.179999	521.132448
10482.183735	382.905002
10532.622296	136.417189
10555.293837	294.567377
10606.411266	182.711483
10799.981036	161.186222
10863.347234	150.324363
11079.450405	346.681774
11098.445655	726.715465
11098.460596	712.479276
11161.890019	161.851632
11197.574402	279.996560
11198.554309	295.180023
11226.822846	115.233265
11276.878983	178.177876
11336.584842	357.807214
11398.313465	131.837269
11612.654215	188.435735
11665.739460	728.077538
11665.761237	435.890063
11753.779373	103.633882
11777.810022	396.936304
11864.867626	785.349141
11865.855463	1062.580747
11992.962861	453.902592
12136.005685	212.025730
12176.348416	175.990592
12209.030075	375.777703
12265.039091	223.033343
12278.733750	447.593912
12327.702876	266.191478
12363.151943	258.288381
12457.677461	181.724314
12483.868077	377.413990
12569.731388	169.685383
12644.422722	198.677629
12753.390386	250.435818
12844.234139	141.718655
12853.369466	491.946124
12872.929028	367.494814
12876.904222	189.583359
12891.738018	132.968121
12943.962615	867.505632
12943.978336	778.185879
12944.978746	1285.385860
12981.450295	521.778533
13020.313768	338.734788
13076.413639	207.474486
13130.479751	603.977645
13192.505048	125.949255
13243.508018	357.041452
13243.509558	600.975822
13244.490227	1234.779061
13282.122063	276.692899
13282.129344	801.849920
13296.516022	418.908276
13297.537458	208.415177
13313.540645	701.087207
13314.530252	1861.305589
13315.524466	855.834512
13400.216217	238.181543
13412.625534	691.256814
13413.290090	160.616954
13431.211232	984.712097
13431.229861	1242.170856
13462.067779	169.979545
13485.665957	412.478799
13506.487235	503.578958
13511.613107	218.487372
13544.661640	293.043462
13563.681006	943.828051
13564.684894	1309.668030
13564.688836	278.145861
13567.669709	126.335980
13581.693275	5965.158702
13581.698720	1835.706724
13581.701764	520.913690
13581.713954	3809.224941
13594.708572	311.907933
13601.305026	166.694322
13728.760622	1617.212870
13728.767074	385.970810
13728.772908	1158.396563
13746.754220	161.806099
13839.811766	288.399654
13857.794777	712.937969
13883.427718	134.412219
14051.918357	363.512482
14067.943148	4068.551188
14067.948537	2673.449565
14137.970681	758.639999
14140.001151	798.998887
14294.530469	152.668680
14304.220917	271.659591
14383.059783	183.928513
14400.305029	125.538801
14568.764462	224.517461
14597.868463	227.412946
14735.124583	214.731693
14764.507678	194.766438
14812.941503	300.521296
14973.743969	304.600318
15041.512297	401.066972
15309.500234	144.025209
15322.339277	186.183451
15345.221590	116.457006
15407.562094	132.599052
15440.533049	274.405069
15485.368252	289.074486
15503.181811	136.766501
15890.608256	381.024504
15924.375478	147.894760
16031.007706	145.111396
16053.583609	168.111711
16123.682285	101.978087
16161.628823	96.583713
16175.662187	222.569648
16196.363713	261.106980
16424.120862	159.639281
16606.590294	663.045078
16624.896332	241.227961
16678.305124	362.167368
16708.942169	221.409473
16719.529608	291.363913
16798.185604	154.074027
16943.014055	233.772904
16978.614296	255.771602
17529.412622	184.094835
17619.750170	189.692849
17637.691577	206.261692
17708.019334	167.738122
17717.160119	188.199586
17731.675244	286.232166
17789.782127	164.813133
17867.644558	298.777209
18014.779683	226.773819
18076.478889	210.528755
18166.712740	198.869169
18289.495130	174.263739
18425.124682	263.594249
18482.445517	172.073493
18824.596369	224.585246
18916.801823	256.220804
19030.314124	148.767695
19078.741440	548.383833
19079.023959	254.120844
19101.778355	123.410826
19120.315148	233.122984
19269.327068	301.275140
19297.548800	289.004166
19327.324677	126.623195
19334.416335	200.126588
19408.692126	169.837872
19445.085572	250.823624
19481.666442	183.727772
19508.051824	299.125383
19511.919837	264.437761
19532.892786	418.328706
19561.961045	3697.622738
19562.977084	1790.828968
19600.996178	663.633374
19604.995799	275.989587
19619.960431	3710.365949
19619.978907	483.288348
19635.984357	660.018481
19656.979562	920.461075
19675.977507	9074.863124
19675.979020	2586.906758
19676.996380	590.536619
19788.065472	1711.420595
19788.094463	701.133735
19846.078451	4016.499434
19846.100350	1526.842440
19871.698412	245.160136
19898.935053	239.062262
19930.134080	378.812404
19948.109317	692.737942
20033.150279	880.266877
20092.199167	175.672337
20137.213823	782.830664
20168.419210	835.056607
20171.495395	382.420169
20303.909076	243.452371
20313.165034	247.734571
20329.688047	167.384322
20357.388473	163.877877
20441.484112	165.495742
20580.289650	168.460915
20596.496803	179.539445
20638.876499	237.211224
20680.559772	357.901759
20732.603512	576.472732
20974.354607	203.785125
21044.817729	211.964148
21147.584308	309.998490
21171.178298	639.622487
21268.398977	228.719397
21442.981498	251.943714
21446.888676	159.289795
21485.856167	581.746267
21506.550193	363.674473
21534.852705	188.978576
21543.926484	286.952733
21579.615275	339.278828
21621.192205	168.895949
21713.835452	78.612050
21719.690488	183.832738
21809.803618	295.763138
21822.933513	284.940161
22129.525682	242.448792
22205.589205	335.934130
22301.562373	253.847467
22335.676743	188.335034
22337.788328	170.386182
22409.792951	173.057941
22553.462025	376.061623
22584.924283	547.214751
22675.097139	178.834977
22826.395027	225.728636
22944.998187	375.316903
23023.808661	147.802429
23116.547675	305.415837
23125.563265	284.137896
23165.095438	231.082047
23194.739325	262.924645
23348.006957	386.874707
23437.543677	387.042821
23635.214773	249.147798
23797.371427	275.076597
23868.958633	238.682615
24173.076577	239.080786
24174.816494	165.870092
24218.521217	189.313097
24253.023511	246.769591
24340.181690	235.244732
24351.424658	131.231269
24437.653230	312.802178
24456.161080	168.604288
24472.896179	221.294488
24525.178550	530.883750
24564.192199	373.006259
24591.740577	169.472911
24603.640623	726.573966
24728.305037	467.436380
24759.145286	163.770246
24787.098400	331.366789
24816.752677	593.498642
24848.363257	271.899500
24851.709706	217.410867
24870.957753	252.899873
24882.714026	258.173976
24938.692741	222.766222
24964.813184	183.719040
25134.543430	231.469171
25225.729501	380.731478
25501.607920	361.843281
25854.384843	375.056268
25892.690851	279.006384
25904.895065	615.682995
25966.764135	209.371191
26049.099944	180.712441
26065.257777	320.054068
26157.256457	280.771166
26223.109264	861.132067
26343.624401	325.861602
26397.052420	326.794950
26419.645019	203.896680
26469.308560	227.707532
26546.131409	320.417812
26687.718738	212.926536
26714.957492	306.030317
26984.554869	289.907334
