40471	1
664.275633	47.283392
722.685607	29.732807
745.333861	34.820962
763.343749	65.363284
797.541504	15.459448
814.417480	14.267867
827.990905	17.743046
858.271728	20.548899
916.523132	42.159733
959.465576	93.694998
977.476196	61.042596
1035.160583	240.614470
1060.557434	36.401844
1118.191100	39.505472
1133.467224	30.935614
1176.331481	33.373489
1189.110901	47.059326
1233.445495	35.852501
1248.901793	37.410260
1284.646178	57.769335
1301.064392	31.385740
1316.129698	42.198611
1331.045471	40.271342
1753.990220	24.846605
1768.594590	22.621365
1800.959268	28.824191
1817.551181	20.089350
1833.057396	36.005265
1863.944745	93.305266
1879.030035	30.171641
1898.674469	51.439929
2000.693859	46.997904
2027.411296	43.221412
2055.824616	37.770414
2139.154202	45.417420
2194.062169	173.430753
2209.913970	86.105134
2233.070417	74.909423
2251.081350	157.774674
2266.465735	63.802909
2308.153714	81.110252
2337.111320	157.076165
2368.166808	125.997692
2380.820216	51.407250
2385.130689	29.847084
2403.142037	49.359529
2421.150792	110.776017
2439.161776	117.970249
2455.198880	288.698787
2478.295799	33.127460
2506.378329	43.384000
2527.992826	39.736802
2532.184159	115.163107
2549.192041	106.518809
2549.193157	103.611413
2567.288033	26.095476
2568.203756	666.111850
2629.550887	48.867455
2647.559563	134.114064
2647.561285	105.286302
2649.258197	67.445543
2667.273306	30.920189
2667.273349	308.911507
2682.939439	27.955601
2705.673260	29.204852
2768.399738	65.583774
2768.400300	153.647310
2795.330956	260.372591
2819.446580	26.863125
2854.711438	48.082597
2870.468576	41.459666
2894.401202	308.028840
2909.397540	42.547420
2922.545424	32.419397
2964.438453	99.245897
2965.438862	92.486879
2985.766617	55.891361
3018.379865	35.255903
3026.539359	40.927903
3042.495213	53.219617
3079.521056	41.877437
3092.304912	44.433648
3131.774360	83.952680
3179.277050	86.759463
3272.953273	70.190232
3281.769966	106.001100
3306.451889	149.597385
3327.352720	41.503367
3424.741336	166.729214
3462.441309	98.183811
3490.023586	38.247324
3538.837291	94.402615
3559.439522	27.875305
3574.409535	39.147716
3628.857406	52.406483
3637.032931	37.530661
3647.051918	75.273616
3667.920710	35.351925
3669.632049	62.314174
3696.892862	71.115454
3697.756339	56.835417
3709.479464	51.082225
3730.909474	41.400544
3752.113659	40.833232
3768.290788	44.443215
3801.923867	34.071335
3822.941519	91.973628
3853.649785	55.820758
3879.025956	57.433441
3881.071414	46.744222
3988.104751	47.711048
4027.168465	52.060234
4069.135594	60.679013
4105.099209	97.454884
4137.782099	32.941338
4149.195398	67.693837
4182.195788	58.781412
4202.148913	47.752231
4291.262195	180.399762
4322.374982	54.846434
4424.143779	80.216256
4449.254512	65.976496
4542.438728	80.965320
4555.246305	99.797718
4572.669058	81.706567
4583.269112	35.964239
4595.723831	120.797948
4626.312021	53.494967
4633.045035	102.276204
4699.776960	37.320426
4712.537595	49.790635
4718.538187	86.542954
4766.353646	49.561599
4787.252237	55.314720
4788.563169	74.852201
4813.628996	61.976394
4826.998026	97.967111
4858.225230	48.221889
4928.648477	77.261921
4937.238444	59.010892
4958.950286	75.452098
4968.880833	109.945385
4985.877782	133.582156
4986.890312	360.697036
5084.902102	65.445290
5095.302863	49.661772
5120.694804	61.835044
5136.158052	71.165642
5146.572707	226.119221
5152.749991	82.985483
5174.720238	74.675877
5184.738810	74.473606
5203.164113	53.596531
5423.728781	88.424714
5459.136495	100.624060
5488.889292	84.924575
5513.600744	69.235357
5535.876139	65.382017
5566.998252	85.635401
5579.887037	50.298003
5599.112518	104.360093
5602.920336	62.757935
5630.391611	51.019010
5633.521843	86.473800
5668.915519	38.795394
5679.120130	81.611852
5695.002393	63.010365
5703.990478	65.701124
5729.017421	78.387221
5739.579930	38.187667
5743.747026	79.557412
5769.959761	44.028832
5773.881465	56.454049
5791.438068	134.998077
5803.367315	64.930171
5820.057435	49.118395
5833.232166	55.684894
5852.523417	58.073879
5868.217845	63.157556
5904.442040	53.241683
5958.682145	88.590357
5972.858934	67.944089
6017.391614	44.654574
6032.236827	69.532431
6048.814279	59.374725
6093.363230	70.777269
6121.178156	90.863123
6127.566794	36.692793
6129.436314	57.690144
6159.054738	83.709054
6197.173481	83.803215
6210.263836	95.393129
6212.755553	91.455319
6226.088726	75.601927
6232.216073	43.115210
6274.017508	366.973175
6305.159683	95.072101
6330.304466	55.327829
6344.515312	60.823390
6386.843759	90.792314
6475.057398	37.902497
6499.202255	169.976499
6511.606552	131.998344
6531.679894	71.710609
6575.444432	103.033692
6624.707583	67.020323
6640.727581	209.257296
6642.738276	91.483628
6695.220615	70.659101
6734.749899	133.639435
6751.770093	203.410759
6769.785538	150.682722
6769.799044	163.808134
6784.757697	61.009243
6805.757776	69.540003
6822.814302	195.974720
6840.820153	769.968103
6840.825385	109.978486
6881.850334	113.203765
6881.875433	135.395927
6904.853661	165.964948
6924.863723	455.242421
6941.860358	143.730997
6941.868097	1421.714307
6953.279883	84.052546
6979.893407	79.336045
6986.461932	53.915121
7001.913265	122.188541
7018.940255	233.989272
7035.937338	96.652842
7063.973062	96.048211
7123.039633	72.018181
7130.984104	78.471069
7168.038473	413.596582
7170.677310	92.060928
7179.989362	94.442631
7190.668025	89.717708
7203.054670	222.517672
7207.716273	80.691747
7221.060569	725.335268
7221.090250	48.792675
7221.096501	76.958245
7239.070619	68.441786
7239.074111	2259.434607
7277.062221	90.458898
7293.122402	109.453036
7320.127813	348.368047
7338.143341	1221.218945
7356.036367	98.689489
7356.149392	64.551617
7391.136395	98.720345
7406.151522	105.173405
7431.170176	197.989953
7448.186572	168.058790
7449.187134	570.404482
7461.189593	62.120588
7465.199432	1441.118513
7485.912296	453.224968
7520.010852	99.174007
7547.254649	296.970565
7565.266450	799.114762
7565.272389	129.463327
7672.268165	60.563507
7693.312113	246.661774
7693.341794	68.142660
7745.862789	65.278069
7794.337768	58.581135
7794.358350	118.204362
7836.656227	136.327961
7865.158970	103.355985
7872.117048	95.339966
7891.085155	60.110213
7905.129527	102.893923
7921.392214	152.816121
7949.150375	160.232280
7966.188054	1628.297810
7966.191744	780.094790
7993.562889	119.134046
8037.218508	287.383987
8051.980776	87.075403
8105.163440	66.938967
8121.264667	197.923605
8138.272479	1441.796734
8152.567335	94.512465
8164.668489	61.746546
8178.389261	58.912001
8191.263819	51.959299
8234.349031	92.725333
8237.313973	134.754544
8240.416805	51.487869
8250.354988	393.326805
8251.348257	331.850416
8289.394471	207.549709
8327.248533	66.452804
8352.400284	848.171257
8352.405638	328.613582
8372.369128	88.996899
8392.820526	56.222211
8400.499300	58.797599
8434.460228	150.975253
8449.357997	99.801048
8451.470564	572.898303
8495.299863	62.994437
8513.768420	72.220499
8563.515867	136.722116
8613.351638	87.681417
8632.585374	91.329112
8647.505684	121.121273
8664.671303	124.905789
8691.556048	589.919526
8708.594936	337.054808
8721.507625	104.445865
8738.214908	78.610906
8800.595430	218.251041
8818.609736	389.028412
8819.619886	440.394237
8836.627262	220.024497
8883.218134	74.492344
8898.178481	143.157291
8919.951949	161.346968
8981.791346	96.167537
9032.862452	281.589546
9223.868843	102.809233
9298.783864	96.757313
9350.832700	99.480070
9382.123228	106.373516
9552.021133	102.982833
9559.015955	110.595525
9650.964542	70.909071
9683.006733	116.201330
9687.962348	77.597203
9732.175127	85.518040
9760.911476	172.450711
9871.294073	105.172684
9896.324215	193.600051
9932.351294	896.484019
10029.968785	114.655100
10051.457331	152.956677
10219.416232	61.696161
10385.120871	84.499146
10454.083426	130.804065
10494.639728	72.881181
10568.202050	94.776791
10568.892322	71.367718
10690.602533	70.017912
10745.596719	151.291337
10773.681427	77.895523
10820.638212	85.675504
10825.555974	61.400821
10871.198639	98.749167
11100.983397	152.540962
11202.935112	100.261674
11445.844643	128.093757
11460.260598	128.011827
11595.376429	153.188453
11635.922081	191.438792
11799.925878	90.049146
11949.314038	388.692595
12099.300643	82.421609
12201.737293	89.402170
12790.208187	137.965257
12800.558686	60.304232
12830.202965	133.765202
12864.627869	125.480081
12938.782843	109.677886
12993.305211	109.431412
13095.642868	70.560650
13456.517740	115.844316
13549.693240	69.386179
13606.492304	117.746584
13736.734954	166.533400
13767.715704	128.598083
13795.091948	89.179515
13998.964499	110.884602
14297.048899	325.653136
14311.636650	86.233626
14468.584577	115.933473
14621.277338	124.771339
14732.096944	135.545977
14736.480433	124.286072
14885.597676	141.509091
15113.677506	95.122149
15699.674454	153.368275
15847.278034	103.679475
15864.277027	156.531292
15979.413601	137.495484
16235.978051	85.428754
16711.059347	95.815188
16747.452691	123.601163
16886.147658	302.534691
17013.490522	136.012131
17178.261960	113.570057
17342.087718	165.921041
17623.570004	147.342559
17651.460728	113.458449
17794.960016	203.870758
17907.023073	114.850040
18068.574894	199.673362
19140.224496	171.657231
19630.666134	196.733503
19803.676998	137.138558
20718.877713	86.364473
20790.346476	142.928033
21730.580304	226.914734
22258.638788	148.715680
22910.087084	247.086160
23439.830701	113.032137
23754.617775	177.339436
23827.354974	134.801247
24205.469305	122.193424
24849.221767	159.588452
25487.730503	130.638119
27271.206290	151.248960
28753.284390	158.476439
29410.714664	135.852927
32807.073630	199.262113
37361.763107	226.363857
38242.963162	194.831125
