46870	1
722.724913	15.433696
1031.309265	20.161374
1047.527893	18.277204
1074.608580	27.956536
1096.330261	46.236356
1112.596495	34.192655
1137.618133	25.750345
1188.691955	21.674000
1210.621031	44.989139
1229.254577	31.354921
1254.984191	73.059153
1276.308287	41.774362
1296.717712	55.427346
1313.976500	49.660113
1337.306854	48.148988
1353.707335	108.304886
1398.512389	75.204607
1512.122374	56.144445
1543.912658	41.797813
1636.550842	50.460751
1652.653137	74.687061
1695.230163	41.614060
1714.870056	80.566938
1727.258483	45.223267
1742.188170	66.551794
1755.579405	42.788617
1770.990342	110.379375
1770.995574	70.345530
1786.088494	59.563796
1806.614005	61.773010
1842.015599	142.827653
1850.993695	45.675902
1855.540766	45.630467
1868.561640	51.292841
1885.397205	49.076255
1908.012964	33.839184
1956.061544	41.125684
2056.085358	53.008014
2168.166649	204.300802
2251.205953	66.993978
2269.213049	311.772636
2342.246983	76.004818
2357.260502	51.487516
2372.282710	30.701545
2405.347555	95.243539
2442.889951	32.175502
2469.643547	37.083805
2493.335197	69.021731
2507.672031	49.578560
2535.300047	26.486740
2555.147028	28.494407
2593.346345	49.659389
2610.335842	352.031733
2644.810687	56.881483
2660.049121	58.514622
2685.766753	35.919745
2705.650781	89.315734
2720.819323	37.553281
2735.164294	32.390654
2805.285053	49.654539
2831.665923	117.633654
2899.340729	57.607797
2918.264404	53.740285
2973.016835	48.804870
3002.564848	87.090910
3023.934073	143.850189
3068.933001	126.101693
3087.645901	133.883971
3166.120264	162.953526
3247.440822	60.453404
3274.467092	114.912670
3296.310441	75.884003
3315.477933	139.470152
3342.711183	146.773177
3362.370446	94.602599
3396.464603	99.351212
3437.049699	229.327121
3462.355110	37.494301
3476.535724	94.209880
3479.776648	66.173387
3498.598214	132.681376
3518.358376	89.488708
3544.874737	130.546406
3598.883105	91.008575
3614.907419	113.135400
3702.946568	214.978301
3714.878542	62.021250
3720.408981	80.569859
3731.670046	62.713739
3784.907987	118.031379
3850.010424	139.555208
3857.952336	51.429481
3897.993149	132.092093
3919.991028	41.015300
3948.310143	61.238617
3966.668651	75.220904
3987.065348	89.625429
3994.689999	57.229319
4019.589834	69.385276
4042.545045	48.754526
4064.116296	36.045898
4080.142740	70.208317
4100.137552	43.688041
4113.310513	100.596104
4136.465688	65.959769
4160.144508	62.433841
4179.076477	84.174734
4190.513580	51.899766
4225.782994	115.611924
4246.189390	72.626926
4289.839142	146.702651
4342.406910	52.968384
4355.246234	111.909345
4367.967680	58.123917
4391.702569	116.695143
4404.052300	52.320270
4439.343063	113.141931
4463.317086	139.871801
4490.116403	86.829913
4549.409983	94.574516
4655.908866	182.489138
4735.319871	111.174924
4871.865545	133.149106
4897.527431	270.808272
4946.627098	103.685107
4966.614545	91.485707
5001.595744	101.533442
5026.291484	111.381890
5045.784565	165.650979
5060.572151	540.811378
5091.657551	92.486851
5133.315915	199.835856
5161.619604	271.635869
5174.380224	81.457721
5176.750603	73.918852
5221.890629	62.781511
5225.677665	109.207469
5237.960993	95.900203
5252.052088	153.007991
5263.859866	52.017899
5275.712235	124.942614
5388.385235	94.179836
5398.192956	177.337154
5422.599185	62.434436
5438.658184	128.244060
5464.709048	93.081667
5569.690203	87.890085
5573.876988	80.703047
5631.051702	104.569040
5669.671801	100.379592
5682.893715	119.783313
5707.370539	92.934348
5727.752646	154.640183
5734.628823	115.081890
5768.850015	104.821708
5864.506737	108.586888
5876.229973	123.500468
5896.254858	98.352700
5950.963752	66.361293
5985.922720	105.879846
5998.882209	120.102201
6136.199157	196.929429
6161.520950	107.970959
6284.359117	108.511262
6304.264078	168.364715
6387.210758	140.989182
6401.801587	109.197763
6454.613095	154.268296
6473.205722	157.802463
6517.863462	85.676037
6616.913889	124.702062
6650.917805	168.456565
6667.121796	95.722901
6679.316223	111.241951
6778.084260	117.891539
6822.225870	116.978962
6824.808438	109.177415
6872.495861	340.824508
6892.818225	178.982042
6893.548920	118.373593
6911.848978	216.577199
6963.524172	79.508757
6968.532776	126.271169
6984.506605	78.885549
6989.630798	103.166957
7022.111393	299.194435
7047.008396	127.992050
7060.088858	55.827714
7074.134870	84.897889
7109.629685	258.394435
7127.652146	562.518901
7180.662239	193.164344
7198.685616	457.685857
7215.688180	132.706114
7242.736978	121.715111
7253.013628	131.523462
7268.593902	141.476373
7299.600516	53.584943
7317.161865	116.899160
7373.576606	125.384748
7380.942159	140.350215
7425.721074	83.068513
7440.252467	112.000929
7480.816880	105.618599
7676.435440	158.703287
7712.003507	133.457527
7880.287771	126.432371
8046.742612	80.587220
8111.370362	263.272619
8191.877461	95.399314
8206.074684	80.701215
8223.958016	118.992909
8229.756820	123.449448
8236.142441	110.481674
8241.049625	107.282502
8252.269303	126.187460
8270.473029	149.836664
8295.130001	156.343495
8331.919701	80.764413
8348.863061	70.099109
8369.803162	104.662313
8372.736341	88.293541
8388.910970	87.550991
8389.792366	119.519016
8423.585938	94.061530
8430.325366	71.153090
8455.579794	178.763753
8463.378781	113.546532
8480.275396	131.372849
8484.086261	97.850711
8551.333716	156.189908
8594.645474	127.511782
8647.759054	74.200862
8664.546115	175.356253
8676.661818	132.514004
8695.755720	148.602554
8742.868254	159.494657
8756.482590	162.502748
8757.808186	285.469961
8857.814290	117.399385
8878.002767	136.694179
8905.628580	125.781531
9016.334462	159.312517
9029.677584	127.553863
9119.021655	146.035224
9254.804438	133.190761
9306.077622	177.248322
9326.090980	332.078634
9346.353844	269.338771
9436.874906	411.735255
9481.785206	195.749079
9496.008970	124.319111
9509.486530	294.677359
9520.543188	131.771770
9534.913219	149.791454
9624.896260	231.699902
9701.788815	226.972911
9728.492164	176.355498
9746.506636	84.023174
9765.032303	178.149329
9813.358676	120.605138
9826.382011	168.988412
9851.362163	223.402095
9864.013299	120.511440
9888.396750	318.315378
9905.132519	207.244228
9905.481467	153.635176
9920.172467	101.590077
9942.119082	149.196121
9960.421959	254.382090
10027.441815	111.761724
10138.574889	77.535307
10219.878947	131.832788
10228.319115	104.225193
10283.532993	86.168075
10313.531598	175.199753
10346.513295	119.753437
10365.313008	171.729138
10393.041197	158.719984
10401.740892	66.832150
10554.365899	191.397186
10606.204706	141.118272
10686.303805	208.619709
10714.813863	149.976972
10812.568915	200.009103
10813.572620	279.378417
10911.531571	140.668049
10960.225695	115.889708
10985.689967	235.150540
11019.711166	166.767172
11073.054396	108.424576
11096.026026	313.025541
11097.021186	147.913439
11114.058240	526.655809
11166.816093	232.638880
11222.077790	129.934423
11246.070340	151.846181
11286.134952	186.370165
11296.857855	165.215871
11322.117383	348.342992
11328.813277	131.661348
11416.189612	164.058445
11459.747893	113.566284
11506.250522	211.860821
11614.316894	246.634797
11737.192940	95.332894
11753.017654	128.792836
11938.972659	175.382187
11946.448079	169.364762
12052.413330	175.132797
12073.212545	200.623289
12245.198013	171.281907
12466.512352	149.958243
12709.021214	97.175589
12794.204838	260.249591
13007.093065	230.122069
13046.168239	122.457610
13049.748427	152.209581
13208.889326	136.159159
13372.964592	175.310737
13411.168910	171.529054
13456.997418	138.734531
13534.989445	122.683196
13574.235957	135.473669
13588.140549	260.414222
13732.003590	178.974963
13765.885390	147.966984
13769.917813	192.239647
13796.159723	524.388723
13797.151405	962.570568
13861.183711	175.912509
13906.104282	161.346707
14002.677154	116.122030
14016.185079	226.515813
14040.213572	638.129909
14176.782387	235.384839
14243.337888	205.668409
14294.258405	201.786075
14330.373260	122.303249
14455.953362	143.316318
14489.594694	122.737069
14490.792779	188.490795
14619.145230	140.696011
14667.553185	243.512134
14700.570784	140.624925
14728.911492	130.025923
14830.193652	221.531175
14922.381393	157.147148
15018.660056	137.294842
15262.332562	362.500944
15374.263530	176.052974
15423.600638	263.021420
15456.669524	163.978157
15501.165192	154.318925
15511.430408	187.763805
15604.822820	142.726463
16302.996228	141.004905
16432.623865	203.906152
16435.570630	189.358892
16463.968173	218.316343
16524.642882	261.426514
16529.597673	204.971264
16793.714112	151.800038
16846.389366	213.302801
16962.247278	231.842385
17177.207733	653.010793
17207.387752	173.200493
17249.173024	229.577596
17461.960886	329.234835
17680.241392	228.596603
17956.561955	155.088399
18023.417856	221.591695
18052.667051	265.124451
18234.433684	207.537876
18753.788389	188.890344
18780.578547	176.761342
18802.766495	262.326019
18837.400581	228.263540
18850.675656	263.051600
19097.887742	291.327829
19219.931138	247.907084
19310.428137	151.651717
19613.929272	283.812496
19698.651813	256.815764
19717.511143	257.368373
19761.870457	183.774202
19933.316392	330.900744
19997.497790	190.492444
20020.249479	250.642622
20053.776341	151.198647
20127.744206	215.303294
20196.346042	222.833726
20295.601591	211.133890
20311.405665	118.229638
20375.311254	226.763284
20401.275266	154.921686
20453.461420	256.557853
20588.170374	151.751384
20589.433449	221.037486
20873.024522	218.923486
20908.030708	174.296471
21212.183647	262.444550
21265.168277	232.914334
21620.416906	175.186838
21847.813735	234.952650
22012.816445	373.964447
22076.498367	252.974058
22297.438332	229.193545
22490.371539	353.715990
22559.616981	184.271693
22685.482762	133.283756
22838.351331	281.293061
22981.952530	191.601933
23689.771652	266.355389
23725.807568	262.361555
24393.193395	293.842806
25060.238922	239.582251
25326.783162	238.431395
25354.513936	283.179806
25574.734443	250.416984
25827.334915	342.641270
25838.656950	339.786439
26124.617702	241.444644
27019.878485	228.044026
27105.774603	326.984029
27241.618097	244.161106
27395.217902	272.310788
27518.064394	223.436537
27810.169378	213.896282
28349.379724	163.436396
28398.866995	249.158075
28816.034552	384.386319
28823.729390	210.692209
28903.740691	187.730533
28952.356288	463.917512
29244.431701	316.428342
29816.166104	345.532302
29981.464059	257.843770
30175.639323	456.438827
30184.009386	249.702067
30490.636053	335.698894
30632.528350	280.454049
31059.248170	196.475125
31256.390009	332.258222
31432.239822	361.917682
31490.843524	527.881041
31603.694293	286.654365
31763.359479	388.335087
31840.984527	317.718074
31865.836962	281.604690
32299.559174	277.541763
33309.996241	371.947988
33397.716322	410.295248
33474.374512	229.153449
33747.980064	285.233900
34027.481968	265.447811
35079.394906	420.540448
35321.017631	371.774972
35450.137877	325.586431
35797.208711	350.344034
36425.748598	273.815906
36490.965949	231.073161
36644.080574	386.445487
36873.376223	269.461917
36983.530835	230.035843
38195.911369	388.207263
38346.140620	367.699115
39180.166960	434.937749
39884.513817	402.300198
40443.911748	319.670691
40657.425862	324.989757
41012.917264	520.749475
41053.978699	237.631540
41658.232474	412.894989
41768.584557	342.272479
41992.939955	297.487981
43425.932790	401.837249
45769.596126	292.301026
