42710	1
804.427733	39.889517
838.456481	41.134002
879.784179	28.058214
899.343260	21.012076
932.523009	86.044065
946.733825	40.375189
964.991516	25.248751
985.863768	20.639860
1033.472351	57.326659
1046.256775	29.761090
1074.878844	26.108879
1118.602159	25.719316
1157.304137	46.826506
1173.480162	43.568141
1196.630066	47.043472
1219.929016	28.941959
1265.670030	147.722590
1274.651549	73.929514
1296.057190	26.746457
1310.725891	34.588818
1344.074034	41.233346
1373.720398	61.747140
1404.792906	40.118704
1438.597625	87.705791
1490.109802	50.474879
1680.356659	30.723877
1780.896959	23.175791
1866.140912	29.690116
1899.995599	139.400612
1919.698969	16.454285
1970.979770	31.955227
2023.964977	33.646818
2041.462561	27.893195
2053.805817	56.864783
2087.483454	64.409606
2099.562019	32.551890
2116.711097	39.325013
2194.212804	42.119835
2230.170558	75.811293
2260.608069	37.498956
2368.655272	129.370531
2409.010885	34.339678
2433.327303	42.202545
2448.489163	59.784637
2478.393455	57.699052
2550.381494	93.425216
2567.491354	35.568463
2590.885560	66.519463
2624.216457	38.293781
2651.795795	33.195836
2668.463290	43.209802
2699.435210	85.388773
2719.545217	42.130326
2737.361865	35.881596
2776.498104	24.841245
2787.919688	20.644964
2799.877251	36.629886
2823.568712	15.210144
2831.865142	38.233301
2851.407635	35.320399
2883.540654	32.035814
2919.496979	58.376543
2935.135054	28.655662
2943.486230	59.813643
2972.566138	28.724631
3002.504319	28.461275
3037.933581	32.554946
3043.059361	27.186011
3074.596252	79.382072
3086.199385	30.809253
3108.219276	35.070496
3188.741403	58.900358
3223.364446	49.993918
3236.760786	54.493740
3299.264622	47.380362
3326.853575	50.756701
3367.858531	62.997089
3384.395906	50.828541
3463.963648	99.980621
3560.424734	68.983883
3579.876930	34.010354
3591.447187	103.632146
3610.035689	37.299081
3614.701901	73.802452
3696.042472	50.423612
3719.537844	72.458149
3755.459070	56.889090
3791.294082	80.618954
3794.795255	112.864679
3826.941201	146.075584
3850.813848	63.228082
3959.702953	37.790263
3972.112663	49.338379
3974.663060	37.905888
3997.896603	72.461423
4019.125081	147.655169
4030.054054	55.735171
4045.626679	43.977698
4109.279800	60.308835
4135.430672	31.175336
4155.258827	68.379540
4170.260658	50.349368
4186.074206	57.653587
4196.412140	46.411760
4253.842668	51.935966
4325.460523	63.604452
4382.205621	51.767146
4404.414928	43.245506
4441.257846	52.768855
4502.172085	55.792796
4529.116811	67.203064
4636.336142	51.209956
4663.284860	64.825510
4728.636069	146.803191
4766.612784	94.857216
4805.511717	75.124841
4837.441026	83.918204
4921.687186	141.617603
4938.941569	60.469146
4957.711608	56.562763
5008.686979	140.095500
5047.357568	52.576835
5086.542727	44.111091
5133.818313	89.837709
5146.204543	64.307917
5168.997538	52.314472
5173.671898	59.463689
5222.473075	90.511063
5251.876403	72.658572
5347.364654	76.059826
5384.700469	58.055794
5405.840453	33.040821
5458.972140	101.631375
5538.258342	75.348055
5560.624360	48.475899
5587.792921	82.466716
5621.966514	56.875105
5648.648167	86.965161
5675.167167	102.630306
5682.075299	93.744559
5717.990208	88.165233
5784.728482	41.548403
5806.904376	122.668989
5924.226765	40.284857
5953.775537	76.163626
5986.949349	120.588795
6022.347003	168.756521
6022.672673	50.039949
6036.971477	76.327971
6054.964021	100.746896
6065.064137	56.460156
6067.166017	65.130031
6104.525950	56.893732
6142.461565	86.107298
6175.267520	103.396103
6246.216891	57.069521
6275.390067	82.984316
6276.427159	298.125229
6296.138150	69.769596
6321.533199	139.368755
6334.377525	60.756161
6379.565878	94.987112
6391.427645	71.540457
6414.370043	58.981221
6469.611043	56.663304
6527.419574	90.036205
6548.755928	63.755456
6632.530432	98.877974
6759.703089	149.270058
6770.628555	102.520364
6807.387397	97.005415
6828.729781	147.671676
6846.761267	801.095482
7000.807949	75.169066
7017.263907	135.325486
7067.604052	78.253156
7071.848724	646.361222
7173.926779	111.176041
7206.146358	60.120740
7215.839582	80.010871
7241.981948	86.989173
7267.590623	149.181406
7287.009378	150.183044
7310.724981	133.486018
7313.999469	327.954034
7358.458133	317.527567
7373.031415	87.044047
7425.720756	83.994115
7425.751035	95.486106
7447.062452	78.915705
7452.535034	105.615365
7465.076032	524.343174
7467.996176	48.923089
7482.083927	3302.860316
7482.089346	399.904588
7525.828649	221.233462
7525.847858	192.307313
7546.548768	111.701975
7563.543868	82.897130
7564.551240	334.263281
7582.567068	1051.578296
7629.152011	601.213787
7653.602458	276.842865
7724.915533	497.930600
7726.913147	168.763283
7726.921863	252.053928
7756.041208	78.307191
7783.642460	358.175557
7788.406812	54.770387
7815.225965	348.919819
7829.317342	140.783703
7882.724068	76.535002
7897.251170	89.127849
7953.318619	129.599901
7974.525334	69.889094
8020.073120	62.185426
8044.250503	98.514190
8049.104555	127.192613
8072.418497	134.232648
8123.862323	60.904820
8138.597186	72.565715
8177.176109	74.306404
8196.466791	142.822545
8282.517528	134.807883
8301.540272	124.526582
8336.386033	48.150758
8400.595980	94.057763
8401.581588	174.813685
8415.321844	187.151218
8465.310019	82.455165
8469.594089	319.593441
8487.612724	934.961238
8580.686939	140.021081
8625.457702	99.394822
8665.196635	119.752995
8733.652627	148.977432
9054.810288	98.963159
9141.338192	72.610353
9199.098741	100.491017
9379.686779	70.931560
9486.420108	81.120442
9516.482659	96.121098
9545.878512	93.692537
9567.010954	131.139059
9608.935132	58.382220
9698.470387	70.554187
9720.336020	189.705746
9739.700684	123.866098
9815.927786	86.858708
9852.415098	84.342169
9978.866828	83.551224
10032.882359	97.343925
10078.099045	106.545031
10119.609361	153.645060
10144.054875	61.679655
10277.851387	58.828531
10403.486606	95.861195
10422.126000	67.250010
10456.683493	77.359070
10635.243798	94.961467
10694.486902	181.944455
10714.310101	92.108609
10747.589059	162.891405
10802.190636	87.326675
10985.118072	82.415229
11010.599761	121.019862
11157.488369	73.915587
11170.922757	117.321074
11353.277859	115.396752
11525.889137	107.693112
11545.676896	96.241116
11808.282874	120.019920
11841.749661	199.653856
11881.946345	125.954019
11995.143653	113.381549
12169.320698	71.904057
12212.601796	114.763219
12295.993903	86.726484
12356.605823	114.739815
12485.064951	88.475966
12587.691923	93.429038
12690.223415	128.011700
12755.768417	155.727295
13007.382944	157.808152
13548.274674	100.868021
13645.422368	161.069734
13742.440014	87.492719
13762.109943	119.632073
13949.467807	86.358703
13988.323155	135.803583
14001.148093	102.038144
14345.798323	242.756662
14371.899954	242.058109
14828.155868	80.283192
14901.454961	96.397258
14917.033037	128.797165
15627.996200	106.882493
15658.163072	122.400673
15684.054136	83.193752
16080.150981	119.945608
16313.922831	263.818510
16536.982004	183.394087
16588.929927	97.462716
16837.855471	118.195598
16850.730702	113.601211
16908.289471	146.070046
16962.785418	112.747714
17151.757327	152.699749
17692.234493	141.991828
19023.364121	342.391648
19289.125347	126.783771
20501.842183	84.893564
20714.163457	140.268265
21125.958095	164.547032
21611.730210	143.137389
21947.922116	131.407100
22372.483925	132.409170
22373.916677	160.935506
24355.913163	162.159162
24508.650207	162.408410
24816.487720	496.233201
27073.166210	166.306110
27287.676564	136.513927
28083.253641	198.566719
28639.869597	125.353113
29498.323090	198.806266
31536.857657	191.482332
34056.424082	152.817444
34097.746954	246.204699
