41048	1
882.430693	25.676452
904.469604	14.839308
986.270079	10.836348
1007.902831	16.100487
1025.196105	26.152287
1074.562194	29.980266
1125.017151	22.769540
1221.900573	45.021542
1235.911712	68.988963
1246.927306	49.108385
1305.816955	52.649899
1329.633026	72.607873
1374.226989	57.785188
1394.468566	39.734496
1410.272032	32.903629
1423.880432	23.288452
1441.253722	37.197195
1478.054626	60.970643
1501.298034	40.331932
1565.501280	68.765447
1585.649475	33.645570
1650.755358	42.422447
1770.988511	131.711490
2170.802238	34.290826
2188.409477	31.517775
2207.956603	72.640290
2218.117431	23.075603
2239.230616	56.320112
2256.239156	35.467787
2288.852053	82.310321
2308.461087	49.134661
2326.478325	50.293819
2344.433750	32.810040
2363.379790	40.108374
2397.690332	58.717993
2411.103658	115.201784
2426.734288	80.044921
2450.962155	30.902983
2471.349022	116.909937
2498.126854	73.673987
2511.522856	60.225939
2638.175194	48.044311
2676.447265	34.653259
2702.364404	60.484567
2715.366354	33.839931
2731.326403	48.318157
2758.328034	54.251336
2791.705224	102.203188
2807.685779	41.044977
2833.665923	51.531643
2853.534570	42.528345
2868.104395	55.061696
2886.520983	27.917645
2927.944502	20.856488
2933.422665	58.599276
2946.630120	48.173231
2985.061674	69.162116
2995.446702	23.556214
2998.816648	30.402614
3024.553946	49.005098
3088.638912	30.622157
3194.641058	39.785417
3290.126896	49.854764
3324.737639	55.383744
3356.495075	47.285449
3397.515798	47.363116
3416.253735	32.835237
3433.178867	87.340599
3490.014095	47.769922
3506.845516	56.960560
3569.934835	68.463797
3586.616811	65.439313
3628.305538	75.944276
3658.707680	69.365468
3689.116690	61.486878
3735.396609	77.276167
3749.919397	44.896792
3765.688066	87.676534
3793.199338	104.513407
3810.673452	58.903563
3830.574079	79.031697
3881.886094	50.218636
3904.495247	60.444000
3926.531190	52.419161
3965.178203	75.930771
4013.127309	32.535264
4044.517823	62.761057
4063.623407	92.495318
4079.305612	79.166624
4105.093454	58.868663
4134.719594	55.566883
4157.825996	49.071667
4189.051331	130.639438
4219.967930	46.267821
4286.244135	34.049364
4331.340755	94.452125
4383.254375	43.597749
4398.531810	53.479133
4454.871303	91.180659
4467.443520	62.797391
4479.795451	67.166096
4495.536294	108.907111
4564.498740	53.723104
4578.063680	66.120353
4619.320808	46.746784
4636.181266	49.181538
4705.428889	155.039600
4773.977042	120.794935
4843.652054	68.129601
4894.669447	52.887857
4934.689127	92.525501
4954.609863	50.573566
4969.704589	62.399351
5006.439024	57.896810
5020.585996	75.751426
5046.826147	93.036538
5060.342341	49.725971
5088.148474	86.201708
5111.804724	147.762131
5183.667412	72.318032
5211.279727	76.456871
5223.168570	89.487131
5242.037701	72.024588
5261.578616	55.563029
5299.503327	68.618626
5325.449302	113.113452
5348.754773	52.311528
5377.483389	91.684683
5392.128002	95.847896
5435.646060	80.056037
5541.806684	57.513902
5581.731960	115.990100
5608.747419	108.746301
5628.863487	56.644043
5641.748379	63.142948
5666.146319	90.987956
5742.396301	215.396974
5772.649623	178.562928
5792.915119	165.270167
5814.636301	63.820601
5864.421379	56.480748
5962.027482	172.720534
5963.025268	116.277556
5997.485254	60.034242
6015.064600	62.340256
6032.078288	106.811830
6066.702987	140.189409
6103.555338	98.488004
6118.107935	84.253218
6129.249742	100.625464
6145.112169	83.325426
6179.882991	40.842528
6199.402019	70.347489
6262.270367	75.403329
6321.523281	61.318110
6341.891942	80.187575
6387.497550	56.447743
6468.540791	78.257767
6483.523397	44.695272
6540.294320	74.884760
6561.307808	86.375135
6618.133817	80.424783
6633.101612	45.234086
6730.536760	63.702345
6750.047402	75.872646
6763.316292	65.258739
6789.722449	83.201581
6907.170355	65.341218
7103.763318	65.900737
7117.742649	83.953853
7136.551975	60.090357
7181.746455	88.531554
7250.841264	89.221717
7438.014509	62.750478
7569.527771	75.141472
7635.955143	63.925194
7645.974612	96.918170
7697.266502	89.831316
7718.915833	117.474080
7732.498191	97.195017
7794.678785	57.406319
7817.315158	68.947668
7847.173129	105.874585
7939.427179	62.237142
7976.068590	185.165194
8054.414260	78.474877
8058.939780	87.543189
8090.272899	81.862974
8119.301074	69.056426
8165.233395	76.886179
8301.002748	101.266403
8319.043680	64.144471
8397.164718	112.706233
8431.805029	113.047218
8443.950740	94.123800
8459.378616	76.600569
8534.389295	138.003166
8550.932323	71.718460
8625.188305	123.252427
8636.685689	60.973194
8670.875651	107.309142
8747.511555	120.371202
8812.605945	101.316059
8830.506661	110.166171
8834.401296	151.246088
8856.637084	83.862024
8932.958597	69.216419
8999.909697	77.213181
9075.943287	79.210942
9176.906359	82.990789
9230.059429	73.435001
9465.297674	82.642336
9642.349199	100.190180
9655.296970	96.799903
9680.964937	66.628861
9709.314030	112.076525
9816.907858	97.315060
9890.027963	89.487676
10216.449967	108.657888
10283.819052	96.353641
10307.049682	85.916421
10458.007084	112.076144
10542.472301	133.618004
10762.884547	112.956514
10826.042554	78.664843
10826.886810	123.028289
10891.288638	69.671900
10914.271657	132.352075
10954.161194	99.136140
11001.024078	266.676029
11215.101751	178.126459
11273.116842	85.904024
11343.180751	292.662457
11425.200148	129.572962
11525.280311	320.551298
11553.923643	93.416010
11556.226212	77.731088
11752.227206	92.805298
12199.255691	159.291021
12316.797464	122.762671
12449.116484	68.631204
12484.566892	69.424904
12643.719144	97.896448
13164.042925	102.647919
13554.073283	116.736338
13589.905032	180.058683
13714.169438	73.531551
13811.044445	105.015885
13927.879974	126.160954
14796.578553	99.057660
14956.764662	86.981081
16613.376035	113.822915
16952.435129	81.465110
17926.383459	119.118147
18644.448925	157.196929
20614.338058	196.979672
22649.154516	208.204392
23897.115004	203.321881
27845.988790	175.488876
