49094	1
485.310119	540.907065
623.425476	332.591120
698.210204	468.954960
711.452868	516.723545
979.531982	675.428207
1045.661560	202.297397
1061.570495	226.943103
1149.617736	199.973249
1158.638658	357.290921
1197.728502	302.986949
1226.094225	156.732521
1261.677232	214.981486
1338.892199	193.322995
1523.883794	5230.458678
1843.033030	345.996246
1863.044646	273.575633
1930.009029	254.677881
1949.020686	281.847234
1976.070669	556.993598
2034.094811	1708.413771
2034.097082	1820.750231
2054.899658	286.177661
2071.144678	770.206373
2087.159423	693.120866
2101.105720	276.921259
2105.167383	725.957426
2133.162015	1130.799946
2170.146385	283.021579
2183.172452	360.706530
2202.183610	6553.461398
2202.183990	3935.525848
2202.184818	688.106609
2220.192395	2551.165840
2220.194238	1512.542978
2292.227689	640.005634
2315.265775	550.179716
2333.280418	1944.689050
2611.370210	307.896498
2660.899422	245.420356
2712.798426	368.811725
2767.076025	426.401852
2768.635094	380.699221
2872.897988	234.886637
3061.659825	389.555770
3083.671095	330.284784
3314.956807	191.611076
3338.973491	383.431890
3339.947411	254.998927
3354.979760	1589.925639
3441.610604	412.657876
3456.173889	469.562835
3471.015514	3022.072559
3883.410098	600.526864
3906.017700	265.867805
3907.047724	698.077783
3922.462421	666.799365
3934.440782	219.353335
3957.109958	418.056785
3981.122456	225.057619
4035.855573	271.313767
4070.272837	383.161322
4086.218899	615.886329
4107.131563	206.919477
4109.250991	203.347826
4164.308588	951.564653
4190.913562	421.555210
4249.918046	249.696865
4519.521596	231.267959
4624.500693	660.785428
4693.339190	527.036937
4887.095927	782.803208
4898.596619	811.009792
4914.586597	692.118055
4940.629819	640.786599
5001.678086	689.102245
5017.650223	349.158649
5036.713036	607.051889
5082.186391	4319.396505
5092.237146	616.475421
5191.876405	362.059324
5217.869619	342.030398
5421.680830	357.324258
5486.139406	228.038870
5527.999758	575.102603
5854.914622	216.022044
5968.535343	264.062510
6006.381382	924.188407
6024.387265	2553.854469
6041.379962	1002.962722
6042.394954	614.409505
6042.403059	3592.450953
6062.102619	311.744771
6122.979657	309.180848
6125.440739	1129.208695
6169.098439	314.655839
6249.483923	339.144181
6271.976584	243.573129
6456.577638	277.692922
6563.653630	223.522493
6719.505770	1090.251520
6732.735495	310.238389
6764.937474	225.642762
6792.558465	536.188415
6809.078101	670.847324
6831.593324	653.717410
6979.730230	558.017675
7018.181924	239.017496
7032.661263	878.472903
7136.692696	296.249275
7202.017378	178.652987
7229.813102	1861.931899
7229.822000	7016.267918
7426.963480	242.441947
7459.934130	3136.208395
7475.936972	368.517780
7477.988320	1740.638211
7493.930875	329.137819
7513.833341	336.329896
7534.062152	176.640992
7557.995716	1118.234494
7594.230316	225.644571
7612.988298	719.518547
7675.044044	973.351746
7745.076748	821.950861
7810.112284	699.883231
7831.080292	1498.983623
7882.761274	446.990521
7897.185750	954.051679
7924.559926	453.294761
7942.769573	319.873933
8160.486065	523.490489
8162.609407	475.246228
8177.212913	309.503234
8191.948163	313.771804
8197.083030	360.309107
8308.813177	490.647836
8375.839362	754.744399
8444.080132	387.086698
8473.630097	460.670065
8543.960760	335.464536
8618.504866	413.848858
8777.646682	433.064784
8788.608898	420.083332
8854.264561	431.315282
8935.898706	184.560726
9091.772750	514.723926
9132.023207	674.407258
9250.001256	1450.212159
9302.555153	208.710954
9318.972193	1588.894651
9353.696121	342.641982
9433.037569	5809.473340
9433.061386	3215.978436
9460.036846	393.732525
9483.547588	568.405455
9508.554973	339.577124
9544.041127	1285.670893
9562.094817	17550.548033
9562.096124	2007.596798
9562.098523	10568.512681
9646.168069	1263.479104
9671.758571	315.854993
9675.042884	1061.309161
9708.169661	3771.624439
9711.169778	511.827373
9742.218328	628.211192
9792.173604	4264.393459
9792.205032	4050.825406
9792.205752	13014.525463
9794.196439	481.733074
9794.344801	468.530045
9810.194898	6048.435762
9810.208552	2147.935015
9842.089625	658.942484
9861.276523	641.137867
9890.246980	3996.469259
9890.265303	2842.552020
9910.303153	643.912301
9947.281300	2734.440000
9949.265535	1130.327348
9966.250084	394.182072
9966.292979	1909.709738
10075.324183	3671.047430
10077.336982	3329.375628
10143.401084	1737.581417
10144.380886	7985.318944
10145.379953	5266.813602
10162.388106	2814.681098
10163.382926	649.178772
10163.386544	4796.920804
10181.336758	3770.161471
10181.398538	1798.322015
10308.107271	366.954846
10364.619401	284.000755
10501.579099	1215.228277
10550.764132	403.563668
10628.188224	759.384133
10720.299367	698.981206
10766.895675	538.530273
10808.702848	1012.405489
10824.835483	941.616881
10839.309707	1079.149975
10862.947916	369.299971
10895.754050	671.477748
10932.648287	783.656271
10956.389581	551.576323
10961.485561	581.228461
10992.434513	597.249782
11012.856694	969.365675
11193.590617	299.747539
11202.863868	802.294235
11214.986308	276.154853
11282.174848	791.324305
11418.076049	424.761864
11446.186938	1154.331409
11480.805820	900.478443
11534.965890	725.102062
11590.104706	715.232283
11602.244687	618.568253
11618.309790	848.932505
11619.332508	1770.906736
11636.323628	2606.619179
11741.400731	1544.410179
11746.390507	3426.706509
11747.359972	6199.898269
11748.325591	3648.435475
11765.381201	8306.245116
11765.390644	5578.812753
11791.314140	658.940023
11862.423676	1936.538713
11916.457264	2892.632475
11935.461901	1548.892039
11950.455662	18514.329069
11951.458810	7023.632380
11951.468309	5554.630921
11951.468345	21751.708817
12066.566166	1545.140795
12145.719519	960.670570
12151.578854	422.514685
12152.610566	3707.089368
12223.529034	912.950553
12229.996175	560.863746
12256.370082	320.268707
12337.666226	4175.970944
12337.671305	3366.780416
12365.238872	1214.121300
12390.740178	306.946154
12401.689066	1627.501200
12461.795614	1372.396576
12568.815260	321.298675
12571.728391	332.312652
12683.028672	292.249226
12719.030546	423.473121
12748.430592	1149.641736
12772.575968	957.451424
12847.955324	396.074447
12982.124608	383.839342
13025.658858	264.197053
13040.430268	2169.116247
13084.397276	496.338108
13236.422715	701.634577
13447.889683	622.062194
13669.473357	1255.812870
13751.924932	309.114539
13771.352685	270.169445
13872.012549	469.405287
13911.491457	265.770007
13965.982090	1118.673856
14017.414341	603.527668
14033.921040	318.316564
14157.479650	549.482340
14326.932950	727.637343
14339.307162	1028.508318
14438.536572	487.720714
14589.075751	1394.193403
14663.840675	797.104728
15320.985940	813.075843
15890.086679	1332.061954
15915.199207	1256.606817
16078.159330	413.625541
16359.601422	378.694702
16427.032589	1200.460359
16783.858180	1151.155407
17258.770238	1787.514067
17330.012980	329.055875
17431.570529	693.900452
17471.565010	651.419409
17723.098381	962.277777
17792.472009	962.986335
17945.728784	598.129788
18020.153019	419.237379
18136.794025	843.849060
18167.053117	893.303199
18302.106367	529.187521
18606.677183	2063.165524
18720.702299	249.278511
19161.841493	510.306822
19192.513390	1642.633916
19330.887619	1557.637453
19340.980640	1340.318026
19357.470813	386.138020
19432.558859	655.228704
19690.446968	689.169523
19738.752281	772.870686
19811.582357	583.788797
19831.627370	703.495171
19854.553837	1712.977208
20051.444800	883.458998
20263.286491	368.147827
20304.689247	548.532534
20316.642287	1292.531480
20427.296293	501.115178
20472.511471	1457.333822
20638.589912	959.959240
20667.827571	401.861315
20839.984080	969.646956
20858.061585	407.590978
20948.024891	365.457389
20996.271426	803.507636
21026.894506	398.171711
21133.138534	652.348697
21219.392280	1593.568080
21477.216835	2272.785069
21749.868611	760.886619
21803.218394	1714.016574
22117.971596	1518.236393
22243.247729	935.522562
22252.751143	1483.857998
22336.655481	1222.849183
22372.564758	631.029743
22429.927634	474.167935
22520.474391	343.001210
22585.508764	1254.904487
22779.356555	976.836885
22817.633415	944.984641
22864.077737	680.286410
23011.036694	850.161758
23076.891880	1431.993385
23129.234908	1080.957820
23282.394507	997.076866
23526.755620	3041.745241
23529.606667	2054.109725
23551.248167	871.018132
23908.012572	1265.601309
23952.392940	471.520999
24109.483544	1605.531286
24198.346416	1983.919991
24237.292418	2505.577167
24303.385870	941.966478
24358.435217	941.215670
24489.544880	573.445755
24618.728888	268.833090
24834.431279	2226.584859
24857.767628	893.264126
24898.092972	1126.782542
25043.060873	1222.018571
25183.852786	1455.089116
25597.130241	300.309022
25705.971844	929.641037
25752.864005	2098.442811
25958.736824	1426.433599
25964.593122	1482.305285
26225.305889	1113.861344
26315.406141	1984.157925
26362.026600	937.945349
26429.334944	2600.036618
26467.046110	1919.617632
26533.718989	1682.726280
26552.385663	2492.735431
26650.614536	666.370898
26660.141153	1067.148388
26694.285766	1106.770421
26772.048780	1426.276913
26818.952904	3245.114235
26868.631593	1880.462757
26987.666409	2082.169687
27258.272549	733.770183
27274.512160	1781.091934
27317.271311	2192.183044
27356.113640	971.306285
27360.582357	991.159195
27542.622676	1774.118580
27547.769485	692.477324
27587.076825	823.621095
28055.397374	1231.188849
28254.689178	273.060501
28322.570813	458.930194
28357.055714	2698.983526
28443.487713	1410.605543
28472.477237	1952.803678
28536.720983	1820.488276
28821.563944	1994.996990
28893.204570	912.862000
28907.870344	2465.643287
28943.986721	1040.079390
28977.166176	929.007550
29068.812670	3646.139382
29110.155605	2285.559213
29184.424703	1251.952569
29226.260697	1600.268707
29338.747033	1020.602382
29342.658568	2199.313029
29367.065689	998.151339
29453.030960	1179.942453
29476.746493	1593.483379
29539.181144	441.784215
29542.531666	2343.883036
29674.750727	1812.250768
29821.695432	2092.388726
29868.529327	758.492355
30028.660335	901.936455
30153.890206	1399.160726
30254.182791	1306.640270
30311.767505	2484.587146
30354.140422	2692.772372
30447.604427	743.233640
30508.726020	2632.309585
30579.032129	5284.989868
30699.499624	1042.930321
30792.754589	1137.045666
30853.204935	712.646704
30903.529419	927.511438
31155.152370	2101.010282
31358.363364	928.002786
31601.279277	1827.349806
31748.520262	945.795953
31769.146032	1476.170968
31794.797376	1126.968626
31928.649040	1896.237663
31928.943968	354.324173
31946.992598	2583.701782
31986.313451	4223.146499
32047.718234	2337.406347
32220.244365	1029.520897
32435.678261	1707.114183
32558.674734	1694.197104
32578.240568	1157.346363
32677.882853	2427.779830
32706.100276	478.084130
32794.092370	1593.152701
32906.541286	637.453991
32939.245014	446.859129
32953.603375	2788.258951
32992.529305	2855.742442
33564.443207	2302.572909
33637.287063	899.086738
33654.449407	2493.825180
33699.872776	3122.469613
33715.149700	1228.197007
33816.186936	994.806281
33819.350821	524.866027
33922.921480	1624.038255
33955.408011	1782.758215
34000.613986	1357.366464
34076.906441	2885.025711
34132.573945	2960.437653
34155.877508	1165.234673
34298.033819	979.778280
34508.902102	1580.876556
34732.059765	700.503358
34733.398124	3459.715235
34758.021308	2065.247062
34896.944012	232.106802
34951.270635	1911.758841
34953.074613	2671.377382
35144.097910	1339.664001
35181.861648	261.614760
35362.139542	1043.362365
35386.177310	2375.439894
35388.866807	1837.004031
35410.493255	3030.599443
35533.464567	2189.091507
35875.803366	1874.362782
35975.901116	2402.152124
36062.390639	1056.290018
36094.219951	1961.338400
36249.391812	1696.568967
36261.926749	1812.394980
36370.245687	2146.563154
36544.485371	1946.439001
36977.644488	2564.763347
37029.784312	3542.428216
37164.656777	1774.024177
37264.279377	2246.468484
37269.358818	3206.164783
37402.074627	7710.505742
37432.126160	7935.763165
37445.657302	2206.865355
37633.690683	1618.444542
37633.895028	230.643859
37721.678760	1841.774751
37914.380171	2264.280221
38026.786264	1975.715457
38288.832441	1501.281170
38400.775610	563.575497
38475.498022	966.024272
38523.553541	1351.964996
38532.553099	2314.647151
38534.157940	2099.163447
38556.807947	1682.500813
38602.835459	2983.262865
38674.972961	2152.820728
38763.272115	2612.317162
38927.371068	3452.785359
39075.890063	1464.252602
39310.459432	3259.110332
39383.255613	493.475566
39387.678550	2128.041058
39431.149465	1863.038644
39497.005291	1136.254346
39509.183063	2111.874780
39577.085007	3096.749749
39676.346344	3801.990193
39727.463330	1273.009355
39775.502956	988.850551
39961.289140	1020.874142
40048.601832	773.883724
40050.616087	1815.499696
40103.959545	2529.134014
40196.818639	2141.308956
40222.323181	1314.505222
40487.909513	2837.818507
40547.294822	3415.569638
40571.795070	1528.549484
40582.100990	1410.219012
40776.099094	915.858807
40921.586066	1257.690194
40953.783054	2398.935397
41081.722050	2946.118437
41082.944023	2072.467254
41271.178859	1708.673845
41297.342062	2646.329016
41367.306843	4472.157421
41520.001774	2908.372535
41696.439502	1541.946152
42043.855275	3318.130694
42117.089803	1077.960033
42124.719282	2107.811873
42268.830674	4630.339112
42361.322970	2328.437046
42430.920462	2333.397072
42690.416430	2784.897265
42706.954310	1171.694140
42867.959155	2693.600574
42978.460456	2223.796340
43098.707451	1826.228421
43131.388820	5019.130316
43299.875899	2858.800458
43367.953076	2707.183015
43369.277700	3715.344122
43407.375182	2418.759330
43530.125333	3877.895765
43660.248698	2478.233255
43668.338658	1254.857286
43837.745264	1329.300761
43838.109885	788.841039
43960.015826	243.750521
43982.059531	2409.466196
44001.947928	2979.848403
44071.278339	558.214711
44081.874426	3132.921924
44132.953927	3854.580482
44316.898349	2618.009891
44371.957097	3383.826154
44463.340481	3106.633556
44495.312509	2412.841471
44587.669782	1000.494875
44632.534490	2631.045514
44706.266272	2571.412934
44888.121179	1276.322018
44964.051255	2022.017708
45004.412824	2702.916186
45012.174485	657.001836
45055.510056	1967.017317
45108.853038	2634.553401
45157.405458	2572.108742
45322.543623	1650.393560
45335.627798	1325.124049
45481.644167	970.703491
45503.121815	2583.140264
45537.672486	2272.926846
45673.668318	823.548979
45798.569194	2937.565358
45903.548419	2307.920032
45935.015049	1944.717464
45988.347889	336.865527
46066.495934	2966.828106
46092.903811	3201.930740
46103.848069	2077.670073
46146.201861	2131.534299
46158.946696	3456.181317
46220.913993	1361.520796
46272.503892	2582.765317
46360.093631	2198.784570
46385.768961	2239.851294
46476.144063	770.542199
46477.049997	1678.030220
46532.472761	3666.549865
46632.216484	2639.138788
46636.252527	2895.729348
46644.077476	3306.582539
46771.160590	3934.357478
47112.122497	1780.368073
47141.524799	2297.284024
47145.509139	2187.998738
47285.267566	3686.819266
47442.884935	1482.822975
47604.155592	1740.305595
47667.870113	3905.255726
47765.989447	1888.068647
47876.648368	3180.975400
47910.507021	2638.771872
47998.820707	2443.583178
48037.867147	1940.533156
48276.853218	2351.519848
48292.287171	2016.512133
48303.875280	2216.942560
48317.324186	2397.106421
48346.233112	3577.468583
48384.867787	456.755991
48418.973009	2254.810075
48441.785127	1870.051243
48581.212098	3323.738842
48616.570876	2105.806624
48643.799245	2272.042940
48731.727746	2549.580094
48748.415915	2104.706256
48905.697454	2293.202417
48948.322218	2685.018526
49022.579469	3593.759829
