21125	1
811.872009	14.011186
839.233153	15.493376
892.643248	19.977463
917.068359	16.587020
931.589110	24.821043
1041.401184	30.242204
1079.285216	34.359591
1118.178649	69.033784
1143.816588	38.569888
1186.490173	33.706398
1223.779846	64.288832
1244.196959	49.423912
1267.629576	42.881194
1283.402281	30.904813
1332.448181	52.879436
1347.997985	49.939909
1368.202942	45.764566
1396.354430	43.213210
1413.368834	41.964721
1451.714537	27.455378
1477.131408	33.266540
1578.096771	73.848366
1770.989976	35.691967
1896.615387	25.368895
1952.527138	25.461871
2004.100627	38.181675
2041.775671	34.085497
2056.901123	43.819610
2073.525781	23.916750
2121.535555	40.845484
2132.810544	56.708068
2248.888820	54.348913
2297.138577	46.973426
2311.541409	61.257043
2348.171055	105.819613
2383.197657	90.986244
2513.243803	95.582309
2532.829496	75.221623
2559.286524	65.236262
2574.122563	49.404495
2595.653474	48.148047
2628.309963	73.877510
2670.666259	61.968995
2722.349017	82.215755
2775.389462	68.782639
2911.960602	45.038004
2989.494047	52.558813
2993.791214	46.102633
3014.821058	62.367369
3031.103747	49.303734
3109.407326	76.522511
3132.572700	59.552213
3152.432328	65.945112
3173.191021	63.487319
3223.431828	62.495486
3238.007399	58.459793
3283.858833	52.917812
3378.726625	40.456248
3391.829672	84.044011
3459.033717	39.378074
3488.766760	80.535008
3530.880595	73.575414
3546.754058	52.835748
3661.297096	71.540158
3688.599204	74.112920
3692.358926	101.328942
3702.989158	57.052923
3719.600100	63.272224
3738.233279	66.921119
3801.284170	71.189572
3819.337301	43.393377
3835.518628	63.622348
3867.051872	41.280516
3879.916276	86.921834
3904.606545	83.105439
3917.940278	58.699987
3959.025755	37.196449
3967.315044	88.030714
4047.380390	58.102087
4085.089182	57.456999
4149.071029	61.509402
4166.932594	67.216034
4194.974688	82.494214
4240.637101	77.342922
4265.115538	88.413313
4265.128312	69.533936
4293.365387	41.020630
4300.178790	66.013810
4319.629468	73.832220
4364.202696	60.694127
4368.765122	60.519718
4389.172448	57.023261
4390.783672	57.672900
4496.681759	35.057367
4550.253049	110.998436
4581.230002	62.351816
4606.335556	71.498598
4753.976163	52.494669
4801.592466	109.032379
4816.827238	80.984477
4865.773552	69.461695
4880.389855	69.725747
4948.424407	83.068077
4962.497632	69.492454
4974.715514	57.156090
5037.472723	75.763172
5060.464411	89.157598
5098.312445	101.060672
5132.493300	68.716278
5177.706963	102.595481
5210.868288	68.122065
5261.403524	58.877012
5308.617179	97.686336
5311.546793	41.327563
5360.123138	61.355641
5362.221240	54.504397
5451.221303	76.848776
5540.755903	60.321792
5582.476406	64.010301
5612.199364	49.221370
5644.817457	72.732296
5674.731541	117.593695
5729.859780	54.883747
5749.879381	165.225838
5749.884674	577.949438
5811.408762	53.620010
5907.950079	281.963157
5919.959780	95.852569
6012.003382	54.831578
6031.009563	102.121830
6075.867342	93.728757
6093.032585	127.581541
6099.038998	114.138201
6100.039713	258.086869
6125.115992	61.477943
6147.120836	75.585024
6240.104984	179.127056
6241.118582	85.747236
6258.110778	121.256916
6258.112355	327.917540
6278.847050	64.164183
6318.457485	66.408014
6340.603782	92.670664
6344.618535	65.070362
6362.263681	52.489569
6391.258987	71.747318
6433.634017	93.517961
6445.321108	69.123252
6463.732194	67.644149
6485.793800	79.939836
6527.774023	90.588078
6533.269488	86.696342
6553.193641	81.484213
6600.835854	61.246920
6732.769749	54.691942
6750.674861	54.000709
6839.865851	90.957215
6862.461453	108.196974
6954.713251	59.517042
6959.633308	130.546998
7096.093335	85.149801
7105.568237	64.564867
7111.274631	106.464630
7150.054914	91.900074
7197.611555	61.848228
7308.636340	89.609499
7330.805285	66.771226
7378.681360	64.800048
7383.713391	103.634850
7394.569056	69.187851
7433.730235	71.677280
7455.828474	152.942847
7484.246036	63.280945
7549.136733	89.324947
7561.074281	69.861498
7608.790692	72.627322
7718.522522	91.955256
7860.940782	101.890960
7986.751379	107.020280
8043.543489	92.078878
8052.998886	162.148430
8129.057221	95.219648
8280.166899	70.971911
8283.068322	123.640085
8319.164163	122.131931
8336.195603	63.605477
8348.166489	81.587351
8349.144865	151.414774
8367.177429	104.552715
8367.189336	96.641465
8368.175280	261.734813
8397.833816	91.352192
8426.647728	71.232005
8440.135432	92.158905
8456.134120	142.747779
8457.142018	239.631016
8474.149387	116.007102
8529.237592	329.979564
8552.092724	93.205106
8569.211589	108.360737
8626.966735	109.741649
8647.159846	51.077939
8649.465505	91.362335
8698.296300	94.232808
8702.650744	125.487027
8885.060920	65.127756
8932.367049	480.911650
8933.362772	138.027201
9100.459488	116.614841
9104.139951	101.084196
9115.489352	268.723967
9146.475878	165.207696
9156.366394	89.035242
9276.178017	94.028116
9300.635030	91.497883
9330.541669	88.959067
9355.709248	123.121658
9370.866466	226.658516
9391.452404	95.697773
9418.663323	97.073877
9449.074465	78.934814
9520.074456	90.712024
9579.446501	117.046589
9602.342310	181.469801
9619.879602	150.867916
9678.616409	109.259771
9815.927681	93.060496
9932.184223	103.786926
10083.535751	88.063986
10160.725834	78.086539
10203.117163	109.197616
10214.270684	83.895223
10235.927122	149.285177
10253.605045	73.518734
10273.335391	90.847894
10359.723687	110.775501
10364.757687	108.188324
10416.132666	141.590674
10416.682275	106.510573
10442.480181	113.740960
10449.218680	81.433866
10484.585768	77.540371
10537.269682	125.856188
10543.228592	92.372174
10562.950013	166.282665
10567.776111	84.708012
10631.125452	79.179473
10658.891219	84.641382
10712.898816	121.491565
10727.217056	146.435637
10761.502088	170.931488
10845.254150	84.530379
10880.912457	131.191953
10900.839071	134.495020
10971.826490	108.416068
10991.053680	88.697179
11015.827850	138.735510
11179.045346	95.942072
11228.595159	93.153581
11283.685690	108.014351
11318.645555	140.056202
11465.731998	128.469416
11480.762401	155.706556
11506.841922	167.334179
11525.516822	101.352684
11732.786206	111.285440
11776.503801	111.643147
11812.882484	172.331369
11830.891499	210.229456
11912.916201	80.847421
11939.786738	140.015571
11963.820029	102.482196
11970.927201	179.077270
11988.970038	371.807359
11989.984643	302.739104
12005.980556	1019.256053
12006.000105	498.179383
12043.306174	95.988646
12066.320063	97.914411
12175.148317	126.872005
12310.365589	140.821572
12319.862332	76.937671
12333.831147	120.172095
12439.126402	132.916432
12585.794584	120.653640
12648.145566	129.123332
12672.146922	88.783204
12728.161325	90.106151
12749.186521	80.223652
12842.596369	94.720493
12969.565777	112.665989
13069.456002	122.522445
13086.250711	147.690213
13114.042988	106.020113
13277.662094	106.566763
13302.274437	84.948771
13494.450068	89.154567
13622.648007	130.346468
13893.601800	84.991395
13902.966335	113.560727
13940.397173	103.665448
13953.488323	126.320123
14076.471173	131.950323
14284.867082	113.597700
14359.184450	173.617288
14666.233676	115.300643
14885.274167	145.354244
14897.401402	146.353579
15177.441463	136.256104
15270.759912	109.156701
15642.383958	100.936209
15806.708299	101.952530
15958.442556	165.718022
16072.718163	124.944880
16182.166703	132.392844
16238.733484	123.824551
16258.415478	126.446605
16264.332411	87.267239
16327.466367	87.193333
16467.191528	104.584441
16569.056220	146.696602
16608.074021	147.497848
16758.553475	142.397606
16816.964225	106.083960
16956.370035	124.088242
17056.428486	129.852753
17454.435485	186.366342
17496.321192	129.905741
17533.323856	143.136389
17573.162091	201.643116
18318.282724	119.107324
18345.929207	146.684255
18451.063940	151.292520
18827.995500	152.536407
19111.866030	144.868038
19406.992923	126.133706
19677.850996	125.870830
19707.351472	135.907734
19815.187803	127.130341
19837.325987	162.998468
20016.060394	112.818873
20053.480344	117.442714
20185.130720	156.917654
20246.793030	123.855268
20365.099860	208.878152
20694.579605	118.857029
20803.530632	136.429025
20818.000408	109.510994
