16904	1
616.257629	71.698037
855.520019	30.687961
889.423339	36.609589
1060.556091	58.226514
1077.568907	32.594097
1093.593078	29.071566
1125.582214	70.819850
1184.517077	42.482522
1184.518615	152.151989
1229.607727	29.115155
1255.554991	138.254088
1255.555162	37.534882
1267.668151	28.887213
1279.963683	36.316969
1313.849669	55.970881
1326.591051	33.939169
1326.592346	398.865772
1340.679870	34.431817
1362.650207	93.428801
1385.719177	482.615199
1433.686949	94.680142
1448.556212	63.304989
1475.604309	59.092790
1481.921374	44.489557
1499.766174	43.088650
1558.577086	51.796672
1588.805481	73.607267
1620.816833	103.077075
1657.830627	141.646223
1676.787462	88.103239
1785.870690	339.883541
1839.076316	72.180966
1885.942249	68.903221
1926.109522	98.479400
2096.214009	117.350553
2666.495657	68.160123
2749.048982	66.123522
2798.418603	93.753927
2934.353664	79.508355
2947.765130	67.120183
2969.571187	85.317908
2993.833250	100.834214
3088.534572	78.534829
3144.577440	82.388625
3156.581358	86.431688
3381.702041	75.782380
3897.095248	163.699244
3968.134794	185.133521
3977.004979	74.387575
4039.170380	231.380090
4039.171649	1727.082499
4126.331899	76.047764
4177.575050	107.115919
4207.262195	243.554083
4270.639487	96.604773
4278.300271	582.281641
4297.394471	58.723383
4336.320522	92.743956
4348.324194	124.960245
4364.334868	56.607159
4365.332017	344.601330
4382.386895	39.003813
4434.247307	163.201276
4475.606743	48.233183
4494.388790	944.042973
4512.395944	190.888037
4512.400021	735.929843
4533.624819	62.685707
4609.448829	108.543814
4708.520594	1087.905830
4754.854258	64.226409
4758.543546	50.311706
4839.561142	588.037266
4860.927954	89.095448
4920.644217	87.108779
4921.646219	48.117303
4967.621673	488.295148
4985.637774	83.554654
5080.683548	59.205511
5095.678748	436.588697
5095.680596	423.421815
5149.691977	188.440995
5166.713450	3339.164135
5305.625581	79.135746
5329.772361	347.032683
5329.781656	420.240906
5400.814360	570.696859
5400.815411	544.983926
5471.849571	1228.067471
5471.851328	724.920946
5495.777885	100.824845
5516.036500	94.274316
5566.340193	59.791386
5630.201403	57.731454
5790.985841	51.409189
5959.024688	98.249763
6022.985809	53.899137
6086.101516	165.979349
6088.103212	318.477288
6104.166758	51.145306
6135.823486	136.614301
6156.034515	60.505150
6255.353870	46.590790
6399.112134	66.607756
6408.169555	37.242735
6489.904165	81.734830
6601.836569	52.799831
6611.215340	29.874775
6640.361567	48.624895
6654.284339	64.563580
6654.287740	70.667012
6743.866982	99.808456
6770.299907	138.347606
6797.430792	402.777700
6797.441029	218.713680
6831.689236	52.671229
6855.315317	82.587934
6879.766314	71.346745
6903.088611	73.057921
6972.564453	61.795756
7009.464459	141.147188
7040.710789	109.526856
7092.591883	81.581654
7103.730036	32.624422
7140.509220	193.969997
7210.586709	110.563035
7268.579253	256.749511
7279.594718	106.646528
7394.620002	201.970005
7410.628464	174.420845
7428.627795	358.948832
7429.223259	79.843337
7528.180464	67.530590
7651.890770	39.773867
7689.604973	59.952527
7700.761602	72.349708
7741.844365	322.676251
7778.824785	301.614960
7811.048963	53.883176
7853.936622	117.445769
7934.980305	65.734570
7952.997111	601.363833
8055.049364	79.807266
8083.033513	522.566514
8092.248241	133.306665
8109.037977	264.204071
8110.051209	502.635085
8171.059448	162.351709
8174.092760	84.254463
8222.122231	167.471338
8223.128414	264.887937
8275.152978	54.280205
8302.184877	87.434295
8322.202152	503.753338
8322.206351	765.253367
8354.146722	1484.466325
8355.149944	410.589794
8450.247170	529.690290
8451.240347	329.332147
8463.641184	105.294655
8520.288325	120.867337
8554.269354	166.175771
8566.029137	68.476740
8594.289625	107.203247
8607.302574	94.488195
8677.308101	208.185095
8683.529005	76.234963
8705.322235	199.253751
8722.356894	1578.966962
8723.354404	738.396202
8723.372232	77.716561
8795.395853	311.680441
8918.474113	465.383541
9010.779723	53.840720
9031.502981	112.746704
9047.516247	416.759893
9049.525751	113.819888
9070.445998	320.027041
9148.315046	232.094109
9195.569449	207.016236
9220.852969	131.002546
9281.583817	74.776393
9379.651875	255.419390
9379.658118	360.679297
9403.887039	117.096017
9438.649821	251.872477
9438.659482	547.694768
9479.722706	407.350894
9481.743684	65.358608
9571.292340	93.140672
9591.798461	175.464010
9621.790931	55.955828
9648.792632	326.972496
9649.802049	106.221553
9748.856106	1044.689928
9748.866800	113.244304
9775.297915	90.177171
9799.903790	78.702199
9830.922093	166.059547
9846.922173	807.633614
9846.948772	394.357181
9874.652223	112.280364
9903.970725	88.146907
9917.972380	110.045277
9960.037302	214.993685
9961.002037	374.726276
10030.037323	71.343887
10048.938784	324.172512
10088.040272	130.757567
10089.054597	220.833384
10107.064108	1252.021824
10107.071480	1079.817910
10203.579486	96.682096
10249.131682	296.564137
10565.345521	91.853852
10584.370506	67.306111
10679.957231	53.582640
10739.242106	78.697759
10764.561305	88.535365
10819.461767	122.723516
10911.464602	98.250057
11040.776027	85.418152
11060.070997	87.013980
11153.700229	116.081828
11175.534800	144.571545
11239.436733	70.880795
11344.460244	64.289663
11352.517753	119.513399
11356.143534	62.240667
11407.347375	114.106272
11431.640774	495.954986
11434.246291	112.389083
11569.571459	74.981563
11571.766724	142.379180
11603.560648	33.239924
11735.800867	137.503336
12010.817439	85.910230
12021.229308	62.234438
12058.134150	120.971397
12228.042372	44.391956
12291.592554	228.324174
12383.354667	53.504126
12418.393818	43.250206
12678.619865	95.635684
12757.716319	106.735544
12813.640208	93.316524
12826.833984	82.497325
12915.927073	49.738190
13043.481640	36.512478
13405.591279	60.068615
13411.303571	92.525543
13432.669820	70.026199
13551.447869	34.101530
13590.070895	44.103942
13592.825119	38.703752
13797.632209	95.194517
13819.293257	99.817376
13872.735530	79.935237
13974.016111	51.568879
13983.785716	97.830345
14036.293650	76.803293
14103.841853	48.281263
14108.571445	91.771402
14151.856807	118.697606
14324.623518	83.409599
14336.745340	97.009950
14579.120720	31.902165
14804.240627	72.372889
14858.391298	164.920961
15067.036829	104.646609
15353.495564	83.586423
15355.096979	47.376202
15521.852819	123.907797
15590.264428	110.418274
15643.877684	47.624438
16144.014602	60.052559
16158.064932	118.110394
16243.401356	133.724571
16404.836680	55.790149
16675.469186	44.941516
16728.322035	90.412622
