23244	1
647.364928	20.023332
702.360290	64.576481
769.122923	11.381014
790.941833	19.973910
815.444336	88.501332
864.074402	21.559066
890.119689	19.280020
903.349365	20.787338
930.470886	268.391605
938.744999	11.347430
998.539488	36.986710
1014.552062	70.146901
1064.623840	35.623582
1079.086760	116.703674
1143.653794	15.873728
1149.755065	43.647850
1171.649644	52.915812
1242.686631	70.119825
1286.670226	48.678287
1313.723619	89.199641
1322.828918	31.512007
1361.986389	41.039846
1378.398864	135.219733
1439.758483	33.370868
1441.782945	61.528512
1556.809556	112.643267
1669.893052	99.412615
1711.907946	18.945984
1723.908311	31.945135
1774.481187	14.694467
1820.992063	24.204502
1871.447430	26.623896
1957.243081	24.200689
1976.387241	25.700859
2024.281444	52.455277
2040.666052	39.811653
2138.353665	47.266034
2151.160057	62.163497
2163.310447	29.575367
2186.694725	45.600955
2206.741851	73.912994
2264.896063	41.087257
2284.233889	76.850979
2311.256790	42.390428
2328.467430	70.391283
2400.681295	38.528260
2418.179342	46.650018
2507.949039	31.812712
2587.401277	91.611527
2609.401350	280.224113
2635.658013	42.063145
2681.440093	72.500762
2681.441667	88.936216
2713.286520	61.374456
2755.454743	117.122258
2794.522838	266.237036
2794.525201	122.487167
2819.528814	137.484835
2845.491746	24.076339
2858.512598	54.059876
2876.547751	165.325287
2876.548593	689.452400
2907.606402	253.409060
2951.593268	40.975113
2974.615223	105.104093
2975.616889	316.029226
2991.088242	28.271634
3035.418584	41.768989
3047.666509	144.423401
3065.674047	94.234823
3113.663733	182.972187
3125.921180	35.135359
3196.702459	43.317540
3258.805613	463.805796
3258.807518	86.720891
3305.602645	26.239119
3326.537932	57.995056
3339.755878	51.036156
3358.787159	47.899354
3373.834017	1088.969077
3373.835286	146.880713
3374.835098	84.278131
3394.835500	144.663396
3409.784253	92.970295
3463.858180	154.085961
3487.856359	152.393028
3525.869740	80.490842
3545.881743	1347.018521
3547.890061	22.486731
3590.761213	132.324471
3625.970211	78.291635
3656.912483	449.587207
3674.923827	1949.193475
3723.049105	163.836983
3737.922030	46.992375
3766.912004	121.933285
3769.034940	116.366974
3784.003018	171.786346
3803.018349	314.762726
3803.018545	1155.951688
3814.075325	44.955391
3833.052961	54.023579
3852.088004	165.070879
3878.756046	33.598646
3880.694443	72.586508
3900.928291	41.466421
3915.100849	87.531237
3916.102265	401.722488
3929.145435	35.678048
3945.597301	31.535803
3984.119717	78.447968
3986.102157	54.060696
4002.134041	212.623313
4003.132283	442.392005
4024.136678	159.522813
4024.139168	268.884556
4038.831947	45.682182
4080.716959	50.577803
4114.172574	82.586360
4139.163527	140.869422
4139.167085	112.516959
4168.664545	74.228009
4186.198883	38.558897
4215.216015	70.100332
4233.225529	537.219630
4273.080545	41.653059
4287.251551	45.290247
4288.254547	67.227469
4309.269588	225.664461
4342.536200	53.312791
4376.293351	43.882938
4406.145488	49.221331
4418.321465	187.019276
4419.325816	200.084837
4440.951876	88.613415
4455.436593	65.202440
4459.090053	57.867500
4489.361643	121.911901
4490.363400	369.471244
4572.391134	64.740624
4584.465048	95.508704
4603.448837	263.958408
4654.592294	173.274096
4713.558207	83.911507
4787.563211	276.770137
4787.566977	1220.599535
4806.174986	70.403395
4825.490898	113.356790
4862.019738	94.744404
4904.589857	88.795952
4930.988248	44.911876
4948.813079	42.039383
4992.052803	78.932098
5027.686242	51.999183
5048.897040	66.124048
5065.047376	57.905339
5133.980117	98.747629
5145.207582	41.635736
5159.020531	72.592815
5212.761434	89.455219
5216.750918	594.779039
5303.375977	85.425191
5324.840298	45.419617
5343.216552	62.705994
5343.860425	115.384381
5414.839621	54.991427
5440.906981	239.374231
5457.890109	89.502139
5458.312978	47.732368
5487.771739	84.230439
5512.949969	561.843599
5525.650775	144.373328
5554.453168	84.494079
5557.373779	51.390127
5593.675032	76.557934
5619.945836	81.338198
5640.042067	312.074781
5659.813176	75.657085
5695.077619	80.429308
5728.073970	710.453384
5729.121351	72.016742
5751.920244	80.558598
5767.708371	79.084576
5815.204001	126.212855
5842.174304	513.225926
5856.024394	58.271473
5881.430727	75.269700
5936.516176	69.154662
5954.285351	191.926539
5956.185358	789.104037
5994.192560	133.311726
5994.344799	74.245565
6010.175836	88.643332
6026.223040	519.481041
6028.230718	110.282530
6066.242708	303.277930
6084.243807	2623.748138
6109.283328	70.962217
6128.683751	36.937629
6136.251695	262.910740
6155.281389	2023.780470
6155.282414	253.044524
6175.424428	366.808922
6191.293812	77.296994
6208.302623	248.169195
6226.317150	3018.511425
6302.287137	61.836953
6322.410274	87.166582
6339.399419	824.505517
6382.593515	64.323526
6385.081168	118.237882
6447.200759	81.670510
6467.500831	1061.171876
6496.565872	82.980145
6564.527338	77.463628
6582.524248	186.617782
6582.529881	369.817270
6695.613206	108.834569
6695.613255	290.068691
6708.642624	95.971643
6739.298884	130.904003
6808.691451	384.452202
6841.199256	69.453235
6851.655562	62.934201
6881.465215	93.115030
6917.738400	200.872367
6933.662388	55.458578
6935.752702	313.703584
6962.736579	177.612264
7004.766214	203.889532
7011.409257	56.434037
7023.784659	2126.208874
7047.149227	75.825786
7066.533212	63.114735
7079.458839	146.144923
7096.580749	98.273540
7108.905979	109.301148
7123.765018	104.759336
7135.868124	73.616449
7151.877899	529.110320
7151.880841	799.689922
7176.815730	332.425304
7194.822492	157.311625
7265.923296	342.582050
7276.901615	150.014138
7290.902493	228.880481
7307.912847	795.133027
7393.937311	80.474613
7517.637897	82.244268
7550.593965	103.961034
7565.667556	67.827093
7648.555540	61.412968
7684.782582	91.086387
7759.820649	62.182728
7784.316336	88.202283
7820.231527	99.664547
7841.991140	83.611046
7864.829166	62.152169
7894.785106	61.198656
7906.216472	79.415129
7942.000879	81.121787
7997.633387	78.813516
8055.130404	86.125893
8119.142932	69.553751
8217.432661	59.137430
8240.287679	83.788984
8257.679149	213.060586
8278.243389	87.133886
8298.773426	88.737744
8302.171790	91.951795
8327.445786	87.157932
8355.906420	68.445961
8434.253088	108.021658
8471.389665	152.927625
8538.159354	78.244229
8557.728361	72.548669
8625.694170	269.744829
8653.310659	82.071986
8769.171272	68.286283
9154.572375	124.030689
9297.804268	93.806798
9298.392263	86.533790
9400.786793	70.735881
9539.107070	140.904309
9584.162139	189.514470
9676.844105	129.411706
9714.582925	93.992226
9841.521038	73.287627
9890.617916	82.616686
9941.211055	60.104069
10138.398424	92.858691
10143.158695	89.419535
10202.328545	97.608528
10305.051152	102.086658
10353.853496	124.709846
10379.184439	158.677409
10470.592582	263.858127
10482.151988	108.814452
10568.187793	111.673998
10623.671647	144.944435
10637.246741	150.661097
10711.206690	117.203841
10752.565818	126.683087
10794.261112	160.876304
10882.497387	160.462940
11874.056152	126.322509
12149.641201	101.099817
12394.029070	86.638254
12901.045140	152.629312
13128.618598	131.577191
13248.365512	96.116871
13375.212222	146.667989
13384.685308	142.988062
13420.771924	94.238207
14498.908090	120.265452
16226.947280	76.020091
16597.720307	167.977204
17214.997729	139.472753
18464.189513	142.175763
