22385	1
719.553528	637.890803
793.719604	574.364300
858.480957	739.780335
888.589965	1021.119012
910.102050	1175.266389
965.186340	829.250066
980.010254	676.788250
1378.053576	355.189657
1407.453477	315.043904
1441.666124	944.354559
1469.841050	538.801004
1526.856188	805.989494
1586.899401	674.526374
1757.323716	1095.952031
1817.526614	852.537614
1870.061322	633.293126
1882.068274	771.404620
2212.250383	742.694608
2548.691815	1184.741825
2600.469863	1310.637613
2646.742804	1791.097726
2735.548223	775.494428
2819.939886	1044.985494
2913.646733	906.467736
3008.316989	818.503443
3115.041651	1812.955317
3169.779784	1010.359997
3420.245931	1140.233360
3440.933188	1465.636570
3504.306227	1844.664360
3517.086213	706.958500
3520.648017	1903.897692
3608.014702	1809.419868
3626.734419	1192.826369
3659.385541	2979.345546
3713.921040	536.843936
3747.060088	1068.872864
4417.560684	736.500364
4438.492368	854.218078
4505.785280	673.872173
4563.589413	739.233759
4568.507761	1346.298951
4668.091946	718.922080
4735.231375	753.640035
4777.624398	723.385328
4780.177181	1612.557259
5100.851042	1490.068765
5129.884632	1261.644717
5184.907865	821.155988
5200.017450	639.904269
5248.823887	649.058418
5257.912370	1211.251642
5277.961281	2625.357594
5292.467472	1238.865464
5292.952104	2438.976500
5310.486996	7659.980066
5345.468950	2334.088794
5367.511985	4109.223828
5401.055741	1251.460057
5441.514438	2012.380234
5561.445484	1235.834518
5587.166400	2463.592551
5645.327838	1788.845276
5802.259379	1546.418435
5823.732110	6022.231132
6158.639564	1610.872124
6358.556582	3133.965570
6423.045072	851.385736
6461.207571	1008.853358
6517.548500	726.330909
6717.718544	1037.395049
6728.800528	578.519569
6890.002818	1209.454294
6997.603865	971.997040
7143.237501	1237.919124
7147.552569	1037.544316
7228.645914	1185.736383
7281.100098	1473.571983
7294.577973	1846.024213
7355.832192	799.336101
7399.194966	838.203589
7436.516494	3421.287912
7496.291550	734.236733
7562.350915	1539.137797
7853.793382	1226.482347
7907.809713	1002.855438
7915.482577	2320.845610
8518.775976	1309.100044
8759.440594	989.825926
8772.890759	2446.760430
8781.822900	1123.431197
8838.064157	1711.954690
9025.892272	1432.527380
9056.561514	1606.013568
9363.485742	739.459124
9364.145184	2097.907776
9425.671859	646.055404
9444.290234	2763.446663
9456.834824	1433.995393
9496.896815	854.381499
9563.034758	1129.417874
9598.967973	1146.461059
9669.444797	1823.375293
9685.994440	1562.959609
9730.011240	1118.649186
9757.363800	3569.960770
9774.594582	1054.425775
9775.632581	2267.703704
9815.575457	1205.433095
9876.854925	1528.747842
9958.606958	3056.372595
9976.618926	1425.007644
10049.253618	2065.818074
10094.951681	1303.127399
10114.706108	3513.129358
10141.714138	3437.433359
10182.933376	2269.839305
10268.584974	875.903612
10315.809079	1475.900146
10369.848047	2577.927801
10387.858503	4333.277730
10430.795047	3124.543466
10438.952153	1032.919007
10452.929109	2488.319262
10468.905000	2801.241254
10483.887703	1160.612937
10484.912692	3152.333874
10498.914330	4916.422703
10515.839130	2346.106088
10540.860163	3234.670254
10541.906990	4495.280672
10552.945185	1316.635434
10582.882474	4312.812854
10594.970247	843.584489
10596.928491	6054.849908
10597.937031	5732.449367
10597.941504	10461.231001
10613.958217	93131.382721
10613.960218	21680.823922
10614.953042	72340.968453
10616.969626	3879.099731
10625.931261	3493.218246
10641.905351	2924.640215
10657.958581	3454.373402
10658.958411	2785.280407
10671.985363	2884.109046
10687.952824	7188.312697
10701.925816	5503.701438
10715.952112	8251.561177
10718.965370	2939.728770
10734.036798	13223.661702
10743.009315	5616.581807
10744.999958	8834.468406
10762.022026	138575.612565
10762.024053	36531.669279
10762.024058	32638.178146
10774.004613	2297.029290
10782.020896	3643.307106
10797.059041	5650.885347
10799.043917	5845.980579
10814.088974	2403.580119
10814.102145	12342.311324
10815.079458	13445.727328
10828.056999	1882.845479
10832.070780	6554.753497
10833.100674	6476.533255
10845.054911	8210.310097
10859.072463	2661.730320
10860.074251	24946.115407
10860.107746	15394.381042
10872.128702	5308.130205
10873.076024	5004.997657
10880.051108	5748.442084
10891.136072	1598.681323
10902.094146	8961.855581
10917.107940	47881.101925
10918.108996	73926.377376
10930.100898	8091.595561
10931.076162	7563.239717
10945.107432	6987.100989
10947.105553	1427.201776
10959.115907	20880.267899
10959.128864	10567.182716
10975.128654	205615.035984
10975.133494	74803.956418
10987.046780	5081.274038
11003.083065	4432.209728
11045.165922	37706.488041
11053.902084	720.031142
11160.622877	1008.204392
11193.880490	1226.357798
11242.203197	1254.758306
11269.072632	2074.783654
11291.842834	1050.683555
11293.932391	2100.551777
11306.012325	6089.642717
11312.470565	1607.699634
11361.975580	1765.840272
11408.678989	1656.937077
11415.328195	1779.847286
11449.579883	1879.493630
11462.505298	2671.735126
11480.662044	4586.756996
11495.515592	3546.710637
11515.152837	2638.453265
11524.695448	1122.045328
11531.014635	4491.524803
11542.999677	2675.636609
11560.760445	1821.875046
11571.933700	15816.555008
11600.807731	4604.133766
11619.972292	6208.230789
11624.109171	993.173146
11633.651862	891.758382
11663.074715	3939.723972
11683.349669	6903.687447
11815.191075	4959.076770
11830.718261	1967.268144
11862.489955	993.033007
11917.221516	1174.706899
11930.471850	965.173633
12023.211409	1109.707794
12025.324085	1853.097000
12067.522257	2500.297680
12159.725947	1593.310536
12239.449951	1507.792872
12254.641114	1148.899745
12284.740383	2078.970573
12322.491700	709.735211
12328.943099	2862.702990
12401.387682	3069.350629
12401.893219	2381.710241
12414.276488	2460.437715
12477.099568	2647.371304
12665.407381	947.603446
12715.009820	1013.227487
12752.643318	2065.610917
12813.772198	2805.961240
12889.989193	1364.953172
12890.939179	976.953457
12951.678315	1578.252036
13379.893201	1724.590045
13542.832752	1518.547573
13591.610465	1497.988224
13714.448279	1250.406596
13845.450048	2198.291538
13864.517239	1038.167936
13971.305641	795.255019
14291.165943	1032.078515
14331.647537	2782.209989
14617.179905	4275.381662
14633.986242	1567.476427
14754.891755	1070.547245
14761.999776	1204.953651
14795.756028	3059.210750
14850.340101	3630.223961
15010.223738	679.769695
15073.656246	1558.499320
15111.859631	1987.336378
15171.095434	2084.093870
15211.362482	1911.419681
15295.091440	1662.610044
15570.477308	4262.091336
15793.577668	2242.592760
15834.497221	1028.140622
15902.495668	674.650195
15925.923964	1235.015664
16067.227051	1240.470890
16143.126451	2362.798328
16156.070689	2504.132913
16188.861280	1530.609611
16268.546886	1057.690393
16275.244614	1277.392675
16312.991741	3074.866866
16317.359260	1394.709452
16443.370038	1391.285779
16588.972740	1968.501828
16706.701231	854.339710
16755.893742	891.389224
16772.941642	2366.922309
16860.173290	1294.549697
17154.561319	1188.634310
17175.516840	2390.353391
17291.238577	2401.738993
17318.982783	1771.831845
17356.763135	1125.451501
17380.105502	2039.338077
17561.180991	2073.979487
17599.098115	1211.457101
17602.432867	2941.670252
17737.835712	28367.538981
17811.143476	3178.805960
17830.249538	2024.823901
17868.314059	1384.618011
17875.211981	4194.646194
17967.259062	980.459623
18009.272737	2718.848664
18075.134884	1923.171191
18138.140392	1607.934563
18176.320338	1438.063243
18231.836981	8675.194104
18250.137008	2384.215966
18264.050615	3158.516564
18368.803485	1861.634526
18409.685747	1114.135683
18877.026993	1800.039695
19081.056071	1093.788735
19142.093778	1451.427819
19166.982812	1580.819887
19216.630887	1613.473726
19324.166468	1807.300653
19326.690979	1797.889582
19373.573911	2498.145320
19387.384217	1715.217834
19414.851997	1717.170769
19434.398308	1696.538570
19497.131900	1898.121644
19692.216265	1951.784247
19718.594825	978.210745
19794.595007	1438.733132
19831.855616	1830.077854
20008.920870	6104.425072
20030.844479	2240.490546
20168.419007	1892.024566
20170.822014	992.957441
20314.879213	1893.805289
20444.957639	1394.463475
20538.685072	1437.592666
20572.114422	3426.225595
20724.669855	2379.009747
20782.637916	1363.252266
20810.178175	5565.482914
20899.770784	1923.777211
20918.553019	3098.752857
21018.098945	2637.663374
21130.847753	6945.194276
21196.613802	2827.179865
21213.601973	951.189482
21364.008555	2016.275468
21415.690186	1861.984997
21509.011277	3450.911474
21572.838118	1209.381272
21592.283859	1657.121519
21604.062950	3025.077632
21637.545361	2042.231078
21681.172057	4350.856812
21682.643747	1673.121656
21743.167931	5515.792441
21758.761291	907.000425
21819.071945	4633.852925
21883.110916	4206.838026
21899.349693	1913.253928
21913.225194	2758.974794
21999.402576	4515.854889
22144.932200	1974.385033
22175.937647	1601.425868
22240.122135	3644.557259
22276.925244	742.451948
22300.018988	1558.694726
