44252	1
517.299986	65.362582
570.289733	94.640124
638.353087	107.689140
656.363647	88.027087
681.358947	74.502110
700.383238	106.333198
731.396362	50.327401
757.430907	56.637734
833.463500	81.431405
1104.667710	56.122671
1155.622618	95.239693
1169.626402	72.038169
1183.622009	57.855800
1197.497131	52.013565
1211.680895	42.604247
1226.660217	308.460527
1268.665221	49.485690
1306.310730	44.012854
1341.687071	152.337771
1351.725938	42.421959
1375.244690	52.571745
1426.777941	36.524827
1440.759093	56.108165
1445.864366	87.922319
1495.812609	34.870461
1571.851794	63.119474
1594.564073	77.345441
1622.567980	67.464914
1770.996799	2572.012152
1770.997300	3855.578328
1785.989836	91.933980
1867.004302	97.544985
2045.138482	57.030910
2177.180155	32.845166
2194.592796	36.691523
2197.218663	173.617064
2207.199205	115.012521
2226.993555	115.161060
2254.241354	125.017760
2257.712166	41.320089
2273.753084	82.359241
2285.256838	138.572629
2304.630020	56.317078
2355.571402	40.830369
2387.333740	105.839256
2387.346113	155.511979
2405.353755	1715.831695
2405.355263	632.873253
2414.321432	53.408215
2418.351326	130.668594
2456.351224	89.398457
2878.584469	75.132263
2904.576665	67.967705
2933.866756	94.169037
3029.668453	70.979627
3170.794921	84.547007
3246.773927	551.154870
3318.922439	117.482103
3375.743105	67.190968
3404.761639	84.284091
3481.192388	50.010019
3522.957295	93.715206
3536.406016	55.905319
3559.966377	158.151115
3576.911188	41.275369
3580.990743	61.666484
3609.324751	495.252620
3701.951901	56.105681
3754.640655	52.748036
3777.253367	73.843661
3871.148062	50.362249
3906.249677	47.572488
3972.107370	144.882427
4315.396106	82.784855
4372.436727	106.096611
4486.238094	63.783160
4517.588197	61.145231
4520.469747	50.600728
4578.931845	63.753526
4595.498860	55.440162
4596.222274	92.537697
4615.513282	63.938682
4640.464860	50.624053
4657.122750	65.862492
4684.882514	62.081255
4741.669926	97.760091
4749.403383	61.601904
4787.644705	70.353468
4846.078812	74.767110
4944.231521	511.029035
5140.880342	994.215937
5276.582881	43.247781
5365.450170	232.554053
5377.959756	575.653648
5422.020560	452.706782
5426.806880	43.726646
5455.883570	34.778632
5468.892318	49.371338
5490.295639	98.291446
5532.061050	161.925165
5549.032715	266.318660
5566.053743	222.147937
5578.251906	136.454273
5629.899406	144.036648
5660.966893	97.209082
5664.128794	104.962508
5691.015795	138.195960
5726.168335	150.482591
5761.081174	86.139685
5828.002020	155.099140
5833.320985	83.386974
5903.221337	201.452160
5988.588449	61.836933
6011.801966	74.075767
6114.426417	51.086643
6152.432260	58.995693
6177.216273	33.633121
6345.563596	89.487629
6382.185469	105.255611
6436.278628	141.575926
6460.078085	62.095670
6531.152860	45.982276
6556.557459	220.124879
6633.638250	280.222551
6741.610918	41.250330
6814.148391	92.061941
6889.866491	93.943199
6909.864228	1369.326731
6909.888302	271.492472
6910.870528	1482.412212
6919.559345	39.547629
6934.226000	82.737888
6955.781104	77.196608
6971.790385	42.217666
6992.901782	97.196915
7022.864401	86.979497
7157.777196	87.769141
7194.524554	104.209951
7387.662645	218.465915
7470.030269	105.403281
7596.713706	45.227077
7672.194056	846.110830
7673.214363	2347.627493
7673.217854	1146.619004
7693.259989	333.498360
7751.139344	65.298932
7787.271985	170.092697
7803.304883	515.771173
7818.618246	110.203034
7938.282159	111.075646
7956.731430	82.648808
7993.544622	182.640125
8063.431846	92.994790
8100.415088	57.824668
8118.463672	163.799382
8143.496021	90.563898
8163.479171	211.591495
8217.686463	199.927973
8233.557710	81.592762
8300.561909	127.060924
8337.468260	46.898640
8367.593310	302.879466
8494.649468	245.187646
8703.848569	145.186897
8709.755275	594.254843
8775.874622	1804.116243
8775.875647	592.590230
8815.363217	133.412615
8838.902706	32.854113
8930.914395	554.084798
8973.128524	41.131570
9000.951890	711.683706
9012.074540	274.143606
9040.948572	231.598436
9071.006568	450.837590
9075.796080	59.070816
9113.015945	285.799939
9129.001570	862.404825
9130.013790	686.807718
9176.544736	98.821393
9309.043426	60.944336
9343.108075	500.846691
9343.115173	2023.882675
9378.136791	111.288658
9388.972616	62.661775
9398.139088	377.450326
9444.188850	1230.265994
9444.207356	1617.640521
9460.078179	57.891459
9460.677432	79.286814
9461.220775	755.021015
9508.486331	71.262065
9572.293875	508.465395
9572.309543	927.854640
9573.301774	1250.352449
9589.572920	79.904200
9608.276432	103.195601
9749.322009	655.022390
9854.516068	169.416389
9888.461793	851.107223
9917.222721	184.113392
9935.368830	206.853345
10013.087600	71.032779
10063.015093	211.137011
10075.568812	251.019499
10183.192570	106.397896
10235.677271	287.292516
10275.507520	39.179836
10341.741434	260.929288
10465.445527	77.600029
10469.809427	393.547042
10475.461690	112.448936
10514.174101	74.682514
10553.743729	323.231222
10568.826879	657.278717
10580.858325	98.823452
10587.799867	2741.540757
10587.826980	1639.371902
10600.794557	545.640107
10609.465623	87.336272
10653.096045	277.494475
10655.826369	376.640827
10657.863758	982.062367
10682.889016	913.544102
10699.916638	1936.816831
10700.902953	3541.788668
10715.874877	690.963323
10716.156021	69.284327
10726.589978	117.994236
10726.887148	333.705046
10754.901965	1188.939496
10755.905736	406.354930
10771.890172	890.335941
10771.940386	7818.760192
10771.954132	1928.430244
10791.957785	263.649635
10796.899765	441.243527
10841.985819	520.029182
10842.961448	1907.339604
10842.977788	5804.174816
10854.980191	920.596959
10857.987721	62.488060
10881.999406	896.976580
10882.007572	1102.062086
10897.987427	650.803746
10898.995631	7843.924241
10900.007088	3146.403832
10900.022229	2930.936071
10933.360502	388.489700
10954.021960	258.138140
10965.039055	265.936007
10971.068578	1136.445404
10986.050607	253.047408
10997.083635	344.507724
10999.073125	3853.765116
10999.075278	4922.333581
11021.984443	200.164778
11039.038049	826.268112
11039.999548	546.401923
11067.061328	316.308545
11070.125285	299.677532
11071.029504	1166.064848
11096.097887	1496.811547
11098.094975	1606.181965
11113.117022	1448.174741
11114.089696	15336.364972
11114.102787	22375.487302
11114.106333	4706.153413
11128.114728	1490.193428
11167.174789	146.582388
11170.111409	690.403550
11191.312962	158.239441
11212.178970	809.700795
11213.164195	3350.252469
11213.164604	142.930156
11229.214170	853.267935
11241.167713	518.368666
11241.187074	164.477055
11242.679167	38.011955
11243.155829	615.611077
11310.488753	67.682881
11324.200084	1440.322826
11327.347937	131.588567
11341.221222	12964.349121
11341.225812	2906.031539
11341.237322	1281.842716
11354.179951	1161.100793
11397.256620	686.057526
11410.278001	713.424768
11441.296620	480.399943
11450.025025	126.607024
11454.306392	5453.728968
11455.316786	1162.423781
11523.321959	725.959741
11523.335676	6313.709300
11541.353975	4103.721852
11541.361988	999.640054
11552.689662	203.014761
11623.993657	106.363178
11680.613697	379.392566
11699.372062	89.476262
11719.504434	329.008733
11728.452575	547.859138
11729.468523	624.516579
11748.369557	128.393937
11755.031712	77.979711
11953.394239	652.995356
12055.430887	131.777142
12083.986774	216.736167
12106.816975	102.465964
12149.888742	77.367622
12174.861540	175.811016
12210.776862	212.608517
12336.434893	172.436501
12651.338953	54.232658
12653.516009	179.565612
12729.512274	91.044880
12795.996944	78.533484
12882.219029	112.429284
12935.025908	110.842875
12966.248726	55.536993
13058.377821	343.409158
13108.365706	224.010589
13354.378601	179.756195
13385.165777	168.868938
13519.407746	101.622778
13532.887386	429.266918
13537.760504	138.669905
13565.486539	98.054299
13640.116142	254.316430
13650.602345	56.946574
13745.604463	124.545634
13805.817592	213.694503
13847.907210	282.023623
13994.703937	79.087702
14005.863202	128.614793
14010.560403	526.912090
14097.994708	293.545990
14221.593901	140.428092
14451.364774	79.242880
14552.860694	189.786246
14606.638139	159.887788
14657.660018	77.105087
14768.956187	80.018379
14771.679512	202.913339
14827.805178	509.077700
14937.834908	168.921874
14961.696225	92.342736
14997.407696	93.188529
15149.968929	261.996559
15178.953212	129.099268
15293.745801	115.314494
15312.108443	60.180063
15372.979953	162.726460
15386.392064	73.044587
15854.680021	116.000523
15877.166661	150.707265
15965.844843	226.544356
16090.915077	97.559598
16161.235125	223.346508
16214.418835	173.837822
16599.546001	227.014905
16631.440376	105.093456
16654.692535	213.712753
16836.473515	55.542085
16908.953448	201.037940
16960.237456	90.880098
17228.955318	245.421470
17239.237672	79.172345
17524.197129	81.346161
17568.361632	368.816454
17622.579770	399.799888
17734.136554	355.014689
17810.789223	144.143432
17859.751872	1499.612933
17924.835564	224.896609
18002.906285	1708.146321
18171.498393	286.777274
18236.116426	1256.310803
18296.962411	82.645024
18478.665524	194.253675
18573.220165	75.199045
18582.215985	87.399253
18705.755144	242.138996
18729.841867	122.952741
18790.138079	72.602703
18825.799015	192.946868
18856.387768	465.407023
18947.626593	416.601712
18985.542802	136.080648
19116.324618	102.963222
19191.725940	197.914417
19324.743515	309.906740
19330.663031	93.445592
19400.105325	220.434267
19457.833138	103.340473
19520.404122	463.372861
19592.201863	98.990930
19616.343825	486.744098
20052.132985	378.443065
20053.757872	201.041820
20154.608390	147.699323
20206.512176	189.875511
20340.505658	518.789046
20433.558567	67.187803
20506.144950	164.904698
20561.775529	228.667504
20599.362969	121.209052
20722.168083	128.660360
20858.937620	101.146514
20891.862479	339.825749
20988.690773	472.697390
21124.826584	127.179804
21180.673165	2049.435771
21188.417829	174.819543
21283.307482	630.049329
21430.868702	195.969067
21462.828748	940.452596
21482.774427	297.577945
21501.007862	84.633865
21553.864034	1318.209758
21589.883930	730.172900
21613.261539	406.921954
21625.759097	274.464836
21636.605259	49.470765
21723.418047	396.403272
21961.400128	539.891656
21971.679243	873.008892
22015.169579	230.415614
22050.558819	208.463687
22074.270757	72.282866
22097.608425	92.094413
22108.079631	342.374403
22206.445706	449.254873
22288.603231	377.912546
22361.261473	853.718406
22417.000054	345.311019
22421.336837	4256.531849
22503.292106	184.476892
22743.740860	84.968965
22785.925833	656.976112
22929.261965	383.398420
22979.691876	84.364196
23109.917512	403.880086
23287.279146	736.805261
23405.040581	42.755564
23415.947884	85.565293
23473.121929	137.378374
23495.382587	175.300068
23648.069519	245.578894
23952.242587	87.101498
24366.025913	114.311703
24827.474266	291.447542
24926.813532	43.428586
24987.087662	443.558121
25007.352497	390.182890
25064.097743	82.570373
25075.530857	208.337739
25095.441984	138.022145
25301.695265	417.341561
25331.794059	234.755942
25467.379625	69.703487
25605.366706	427.326770
25936.764778	413.823888
25965.592039	130.972467
26016.194317	386.832385
26243.717902	774.393377
26355.277998	267.645925
26426.193045	636.872882
26571.895494	567.735860
26706.784014	226.785996
26713.917747	506.489116
26899.270501	546.773538
27009.500441	45.871225
27192.427526	109.977862
27219.868286	529.694887
27955.988142	274.790879
27958.202648	270.135627
27972.316947	310.511121
28302.639836	321.227697
28384.381399	532.794867
28471.301026	443.649468
28602.140171	271.326924
28785.678409	614.934489
29002.009289	489.140442
29021.408153	600.007555
29190.688465	511.191386
29237.183883	66.606512
29259.153516	468.714889
29495.442729	589.657544
29544.179249	382.482093
29554.755159	919.758976
29579.670313	228.845465
29613.075308	296.972535
29631.780739	233.228009
29657.346013	329.298672
29716.696103	773.980250
29717.885471	49.344893
29845.751187	892.069759
29859.408930	41.659087
29941.241168	644.659808
29951.575464	279.430586
30042.807715	753.546501
30089.283215	483.950849
30231.994021	260.042575
30240.128310	331.894812
30345.223653	632.429023
30386.003924	382.429398
30406.991272	930.223015
30449.323999	436.288796
30609.856968	311.501231
30818.115877	303.599876
30950.598782	97.325841
31174.484681	190.449114
31272.099476	630.920586
31534.291713	339.909786
31552.695850	288.745099
31586.955972	575.731546
31663.908411	467.412738
31698.234135	324.235232
31753.053300	617.720389
31775.219106	277.535025
31820.449679	566.946565
32019.617976	768.355370
32033.367714	1019.112200
32036.197797	396.066005
32069.744633	572.429824
32167.089903	584.760807
32273.498390	356.182640
32284.232763	372.768687
32309.903353	525.781400
32477.846412	757.086959
32633.310779	300.227158
32660.379584	250.448418
32817.131732	220.356196
32831.519178	313.794240
32846.857601	209.507559
32946.907210	1172.824716
33014.899428	76.951769
33081.649460	481.204972
33106.995970	374.271888
33134.374408	438.107112
33212.362249	529.926728
33239.161451	502.348207
33248.446611	262.468705
33623.952265	1019.368112
33630.385448	241.689672
33641.477602	3909.513208
33656.465585	758.564417
33799.419101	405.871289
33835.242080	491.989772
33898.590565	1113.787331
34211.405350	678.899793
34275.747118	1071.417918
34310.801498	1458.044702
34490.789396	550.940680
34593.699352	577.557983
34603.100188	707.125417
34630.106742	487.399132
34650.899311	304.070894
34747.975905	537.519423
34774.927011	392.206282
34943.146294	537.341214
34968.047268	347.239825
34995.333219	495.878825
35019.220216	823.680077
35023.074794	708.966278
35046.731034	852.230907
35155.207505	530.560345
35317.585395	621.680829
35792.072327	898.206069
35796.874003	616.516357
35820.133682	468.862703
35825.425819	726.393283
36016.988131	516.799903
36030.722315	544.796358
36088.862659	348.208171
36153.534357	734.371641
36173.764630	573.622358
36200.944695	614.286629
36228.054585	780.287622
36330.108092	582.134031
36693.501962	537.454577
36734.520773	897.045478
36831.070528	372.877387
36953.586984	587.319682
37129.666077	662.029605
37254.595138	957.410582
37308.059870	534.342315
37604.582241	682.774268
37640.434562	398.497399
37765.500145	592.326465
37770.145048	866.780044
37877.417951	102.536240
37994.596301	383.554845
37998.472615	625.095754
38165.319369	438.691861
38231.023453	479.616982
38249.649048	371.289366
38267.128824	519.521445
38369.808670	497.280763
38396.122934	83.524309
38423.131902	231.031555
38601.522159	788.886924
38615.827761	481.150087
38684.799082	280.048111
38687.711565	541.977494
38708.557781	657.495767
38768.935533	1032.306708
38815.970569	2670.903322
38831.542136	1365.388397
39060.474696	712.910697
39067.795112	764.870203
39159.481623	666.717632
39187.633194	987.238915
39416.421037	544.933671
39434.825067	744.530970
39446.424054	567.165634
39707.718662	669.162037
39745.730906	702.010285
39836.871538	707.438725
39842.116171	515.429147
39899.886035	416.331392
39957.864541	392.981158
39997.406816	638.981439
40036.816235	352.831158
40242.865267	631.940316
40405.227753	630.194812
40568.769623	791.583308
40800.562219	415.078647
40957.154685	1232.260663
41094.596072	306.310843
41098.369462	645.566039
41113.626725	480.929372
41146.681564	535.259735
41237.824023	546.207823
41252.930338	598.212968
41265.054853	407.282650
41308.164690	595.923321
41315.200248	745.583256
41352.987229	702.608720
41376.720253	668.487001
41452.216209	473.961938
41513.325250	461.312034
41561.147632	491.760742
41643.603051	435.065235
41650.562932	541.237062
41696.350960	509.825429
41729.864695	722.951517
41746.842548	373.272368
41786.290859	558.678811
41815.895257	534.580107
41836.905937	849.562235
41839.198835	471.279981
41986.536439	987.304716
42059.003184	661.510953
42281.605294	675.051862
42309.708108	890.236412
42425.335578	733.903793
42483.545954	651.903654
42492.895530	511.717460
42587.757636	410.273700
42691.192625	736.109815
42695.785592	873.793985
42704.858886	482.586282
42720.845448	67.876867
42798.242853	764.976922
42812.300571	640.472347
43005.250243	746.502287
43223.413115	636.229774
43349.228242	637.567326
43367.256394	485.533589
43461.252477	706.883047
43498.317481	711.886971
43706.550923	609.482104
43775.892559	757.496313
43875.565679	655.810750
43890.408541	431.041996
43890.532359	386.817300
43916.462316	553.144655
43971.017492	569.652105
44044.443281	81.291608
44049.850382	1111.995484
44098.835986	530.662051
44122.109400	638.629789
44200.401957	604.692362
44210.167446	322.045485
44210.960106	742.352395
