44185	1
733.149963	37.343194
789.079345	40.174617
860.333801	46.264295
928.469116	30.392893
955.778747	57.674183
969.844177	47.624876
991.532347	48.312936
1011.072142	33.799726
1024.221495	40.276300
1038.533630	45.645790
1082.074279	58.883106
1095.658417	54.679420
1116.830992	83.790653
1150.400328	68.027019
1177.583922	79.031173
1259.490569	45.170050
1318.106261	84.835420
1332.164123	53.120639
1373.043396	112.173703
1425.209411	175.002635
1442.258605	77.930449
1461.873717	69.541401
1477.347961	139.705381
1490.606506	76.035375
1497.381823	37.104600
1518.128966	176.316347
1535.269470	99.128910
1560.937364	58.373655
1577.076843	137.294557
1604.032408	157.029687
1618.887756	138.113423
1639.914001	121.065149
1659.351257	114.483950
1680.707092	89.675580
1694.861145	154.576594
1714.257995	147.526131
1733.922715	46.537413
1741.333556	138.003123
1773.963317	122.366904
1796.569205	115.912840
1815.228989	165.653343
1822.618071	50.139456
1845.413518	119.256127
1873.666669	49.276210
1895.906812	101.851193
1903.732904	32.696183
1914.352882	99.572908
1922.779688	42.606037
2023.051311	53.029620
2048.027502	61.115059
2080.006983	49.041337
2136.142331	124.470466
2166.798973	86.127472
2208.115386	62.314370
2240.376460	75.524474
2273.676424	64.224185
2295.229733	39.650917
2361.820464	52.245539
2389.600489	89.737663
2409.943275	55.089029
2431.441517	43.828128
2452.130782	37.752893
2467.666165	106.084379
2508.859866	84.743490
2528.402250	58.421980
2603.349014	62.198724
2662.621908	61.292594
2693.855529	122.738269
2767.888673	122.799994
2812.695837	58.148777
2858.955804	80.672969
2886.658831	68.621841
2921.144924	116.232552
2952.616645	63.281845
2962.933735	126.198614
2966.551185	67.771891
2980.135548	225.136003
3070.658861	48.178437
3129.999409	186.562505
3161.156641	121.491973
3180.673410	78.048927
3198.259906	204.478023
3209.179266	93.173914
3235.356106	288.446889
3261.995504	191.806949
3294.863468	106.511069
3309.602340	71.254500
3311.064359	152.055505
3347.929767	90.656471
3355.049317	159.675267
3358.540381	56.098767
3371.393783	219.230550
3393.171835	92.797016
3404.625574	339.518620
3410.484051	79.283306
3427.068637	82.273279
3444.899888	177.680826
3449.074244	89.230550
3459.970192	230.355255
3465.635035	78.971334
3484.898914	210.108203
3496.883083	81.903619
3521.640797	92.808997
3539.051628	125.775066
3550.415696	83.297613
3555.760723	231.189395
3564.283498	109.084878
3581.002828	102.648701
3583.599002	292.883997
3601.120959	291.360526
3610.038174	73.120797
3628.547178	174.350066
3633.637924	96.540228
3649.591517	67.443831
3690.393009	147.742515
3704.534275	103.256815
3717.154495	159.937905
3725.607137	66.839818
3726.707125	112.226179
3739.525184	142.971229
3741.808954	99.267084
3781.616483	70.475432
3791.053507	177.624993
3822.862081	163.297755
3852.671605	104.459943
3857.100909	153.200768
3873.680039	111.552564
3895.149521	90.307362
3922.071137	171.155528
3956.592387	96.274875
4004.358724	113.757366
4010.639076	42.154348
4020.968953	83.243661
4039.179902	245.536849
4076.861162	78.749886
4091.009348	188.000438
4131.642878	75.516704
4151.454658	99.297096
4186.144379	62.918384
4194.686999	61.788290
4205.984528	173.273188
4222.794425	90.325362
4229.096898	122.324763
4282.180946	86.815096
4282.269848	80.424476
4295.927399	104.993567
4311.145979	88.666505
4316.626765	106.321948
4336.204572	74.167158
4355.389454	95.410325
4373.438462	70.349235
4373.441435	168.791447
4387.139538	98.202321
4413.403252	159.404466
4437.065562	75.166527
4454.410439	137.129444
4458.185573	78.892551
4470.406212	216.535299
4474.407939	87.648463
4494.199655	138.914680
4548.607973	91.458324
4554.413785	82.201002
4564.094304	263.882899
4587.093283	94.455814
4610.128865	152.780547
4612.570014	128.980451
4625.454777	308.916811
4629.201120	78.302213
4638.575882	107.058839
4668.401956	86.150752
4683.500721	77.479719
4734.302141	192.289468
4741.875187	106.042815
4777.547799	87.462637
4784.764561	213.013199
4795.604185	194.228624
4901.523669	67.129024
4905.755964	109.309207
4908.680836	209.050968
4929.060295	190.645790
4934.006998	118.914926
4944.535667	230.665435
4999.132915	141.012947
5022.707291	185.410343
5046.682519	87.397536
5062.315712	165.617342
5071.165665	91.144322
5087.855026	109.817041
5111.916144	122.730740
5123.141516	194.537627
5148.524539	145.740323
5168.083519	134.205965
5169.776952	149.627567
5185.541967	195.130141
5195.587416	152.808855
5199.007314	80.862311
5202.592392	181.792816
5212.177676	130.289389
5229.186932	64.949925
5231.014704	157.713163
5239.787933	267.581049
5244.617291	123.345674
5249.053553	212.700609
5263.221512	146.357575
5264.448245	135.624604
5277.609940	158.086915
5285.053274	78.314590
5344.179578	161.324451
5353.804644	292.481633
5354.804382	695.538573
5361.685547	90.851416
5381.002422	118.956382
5401.500909	195.803542
5402.428587	107.896182
5413.671756	172.876271
5421.523149	185.776965
5423.914480	88.354297
5444.932825	205.777467
5453.875264	880.980970
5453.878730	186.134449
5457.122818	210.105628
5462.990298	198.727378
5479.068230	95.200694
5481.918467	119.562243
5502.874269	88.521708
5504.400923	97.000801
5518.275897	70.244059
5519.956513	165.299692
5526.006056	173.398119
5538.402296	122.550727
5566.514253	78.389591
5570.383642	173.237611
5599.930926	87.326340
5601.946533	508.756115
5624.081395	135.258435
5655.799046	99.160274
5693.293373	144.668456
5709.553728	121.590554
5715.030461	261.467635
5761.935862	182.473854
5763.972579	88.439526
5780.284054	121.661785
5804.475177	76.981726
5828.253218	199.217622
5829.052997	279.169940
5829.058290	517.034427
5845.102178	107.364314
5854.896311	118.285787
5875.490947	106.305171
5893.469031	200.916207
5916.388011	115.704330
5935.918930	248.819220
5942.144228	392.586175
5943.443349	96.451855
5973.315630	156.338592
5998.497980	131.543028
6036.212810	182.578947
6045.507681	199.145537
6055.224642	603.319861
6099.901918	95.990033
6131.922520	99.270168
6141.254290	140.998842
6155.273302	236.544951
6214.203947	66.619591
6216.001102	113.954061
6221.021892	173.923941
6235.796359	101.646052
6270.299509	110.032528
6271.286015	174.863939
6273.311454	105.613863
6278.994951	270.224421
6285.417027	127.852606
6303.733365	172.441663
6338.578540	185.350593
6339.324193	143.464106
6354.840159	205.025610
6396.743375	396.795966
6414.067382	124.221239
6435.810945	115.260921
6530.268390	108.591888
6532.677491	173.453083
6572.205901	275.902452
6598.680410	280.830017
6610.103585	113.167314
6623.056864	184.905098
6669.851288	140.104715
6676.639806	131.835193
6683.400683	222.046615
6715.295547	226.026789
6730.120042	253.817982
6786.062702	166.138585
6811.344998	147.141586
6870.353092	127.096166
6871.761535	170.641375
6888.917621	153.851073
6918.271707	234.484155
6919.106528	128.331894
6930.559142	137.702783
6932.340985	225.944661
6957.100344	183.484165
6973.203779	234.980054
6980.213226	176.549583
7001.461997	113.655584
7009.877092	95.446708
7010.589105	209.607815
7015.001464	112.495069
7025.557590	146.520984
7031.516649	246.049870
7040.722647	189.939805
7045.117906	255.087646
7070.914607	151.916019
7082.565908	90.677543
7083.949313	140.119666
7126.619279	174.791278
7128.369353	197.507465
7135.615940	104.611905
7147.436548	135.648108
7171.875121	179.958190
7181.568001	212.425164
7227.025024	216.719157
7246.503880	104.946768
7289.199490	106.702643
7313.589312	100.579126
7334.007434	132.996152
7361.660617	182.968025
7367.689238	225.523571
7374.704383	165.952477
7385.123311	234.022358
7424.083061	152.732715
7432.326299	220.188890
7444.027631	128.861819
7472.825090	192.339622
7494.162639	159.581408
7529.391842	171.074005
7543.119556	308.950321
7560.117398	332.417849
7581.357029	244.770582
7582.334703	267.656585
7598.230634	160.380563
7605.870722	272.283956
7612.209638	159.000428
7631.741123	172.523143
7634.884001	250.585637
7646.314853	230.200324
7650.384008	195.428007
7673.748781	168.041123
7774.228084	295.712686
7781.627328	111.765619
7842.741244	122.031684
7844.646317	170.690407
7861.804045	202.815711
7885.435891	159.403031
7907.858605	195.616141
7924.384611	242.440423
7931.672614	127.224423
7968.123260	175.151124
7988.858277	432.691412
8024.953835	361.115455
8027.355916	160.744455
8086.258568	120.896261
8100.954176	187.826528
8117.418305	179.190153
8123.743483	149.052564
8152.507224	203.860557
8168.013183	158.822604
8223.929940	241.123191
8264.316875	96.795323
8322.599662	184.819658
8343.696740	236.858783
8363.995191	453.945301
8372.244341	98.362989
8373.731079	250.737801
8395.223379	318.512882
8409.323108	192.270760
8515.885297	153.201037
8545.243639	226.884299
8554.432292	128.632164
8586.726991	134.505122
8588.251431	217.017903
8637.095022	208.457162
8650.178927	195.110444
8661.510697	180.790157
8673.248742	239.261177
8694.011017	147.950517
8775.795791	239.826993
8783.018307	175.882128
8839.620923	192.983840
8857.429690	273.374264
8877.628664	242.761329
8891.384946	178.500151
8895.175194	534.076499
8943.147452	291.524780
8974.530505	288.556945
9038.234866	444.362037
9103.767000	135.262758
9137.237571	230.759065
9149.820130	208.551647
9151.301539	365.361667
9221.135890	104.965401
9274.033786	182.320214
9277.791402	197.199578
9302.857163	394.464582
9381.818994	172.858957
9410.643949	248.962676
9461.915333	324.594743
9534.801168	115.972371
9607.671895	338.573143
9631.340529	105.483477
9637.438432	168.552764
9702.616787	266.683658
9752.483839	245.813658
9801.189008	141.526887
9802.902984	122.260925
9816.413926	197.899891
9835.398248	239.846768
9855.121153	161.255212
9917.388762	181.316822
9924.468854	202.130038
9953.455162	252.841397
9956.792795	174.794985
10012.434837	264.408708
10026.795484	221.467402
10044.963874	231.475786
10055.784732	440.317906
10091.489857	212.488550
10127.945696	139.277247
10128.122296	240.927623
10153.129376	257.530142
10177.867889	183.016647
10180.431195	286.070458
10241.982463	223.355273
10267.554179	304.519581
10272.020890	209.820028
10292.323092	141.045745
10302.917667	238.106046
10326.944567	135.555926
10347.203986	302.876694
10352.840670	187.914600
10378.130954	143.695164
10387.381603	225.012043
10420.834632	160.667578
10447.302551	252.540074
10457.339377	165.485125
10465.505571	249.771300
10482.065479	221.441938
10536.753154	222.366234
10632.808967	266.882750
10633.812124	508.760057
10670.316037	156.176421
10680.341167	254.277799
10703.111757	206.041847
10725.073026	212.944843
10777.845302	171.648195
10782.520987	224.264027
10799.221258	193.987818
10808.368950	123.896010
10836.435420	273.816691
10845.578247	161.221985
10857.877738	159.775156
10989.848187	159.129423
11001.835169	302.185695
11016.592488	185.141898
11189.034589	669.480923
11190.036743	633.335722
11191.057390	527.070337
11204.706792	152.309047
11280.779409	147.295122
11302.893779	140.438496
11479.501916	200.481078
11540.245048	270.236464
11618.476654	212.526197
11625.651807	335.405151
11664.636280	373.348638
11690.786618	212.023964
11760.535232	264.720951
11790.727687	303.319064
11828.843233	293.803564
11905.769895	190.486307
11935.312014	217.489427
11941.524434	228.207014
11991.291119	221.131044
11999.800508	444.384372
12023.073203	159.069652
12034.856760	163.985092
12160.586022	204.700625
12177.570192	157.268117
12197.947855	266.954487
12297.244900	274.476581
12323.822151	288.471409
12354.477165	116.458855
12407.229038	321.038334
12466.905169	266.904345
12488.315740	232.423531
12504.596496	133.568172
12517.966849	191.589739
12534.337378	652.825017
12658.635262	321.887105
12728.761889	405.761280
12818.933568	308.212020
12820.798899	231.990317
12824.601301	291.703993
12828.320806	187.161502
12829.758227	219.056035
12928.458480	167.200369
12987.433297	318.902121
13054.333714	204.323193
13090.118242	384.861728
13205.078644	259.337699
13270.677501	223.612825
13294.290619	285.921465
13305.108319	267.667325
13318.082088	244.339599
13354.694718	223.306760
13403.219379	194.588972
13419.885299	364.651109
13460.190917	397.435073
13460.225821	291.478847
13460.235569	502.244587
13484.708529	266.535940
13486.287348	141.217167
13491.428504	268.458371
13515.299155	376.112800
13541.259124	292.801262
13599.595291	199.082728
13657.404939	303.266598
13674.223212	147.964602
13697.653747	422.884523
13701.311419	314.726382
13708.211804	299.402651
13746.379891	198.085835
13776.090118	350.037098
13891.626400	400.027325
13910.919358	226.189338
13911.327078	213.690175
13942.525817	282.637862
13953.047113	304.594047
14205.718166	284.241335
14352.834220	307.407058
14393.495685	458.343797
14432.408170	378.106793
14517.145974	246.704220
14588.785212	177.952300
14764.709247	329.540258
14894.431483	325.275572
14940.367664	283.193178
14945.366420	220.360563
14997.272346	279.462272
15017.219095	378.661154
15063.131612	502.028044
15087.358992	248.830391
15139.228338	346.912827
15153.115506	458.542983
15165.793692	207.052679
15247.238255	316.906949
15270.434010	306.051853
15282.266647	373.673359
15297.435859	393.078341
15307.303360	404.253996
15438.285351	301.106437
15476.621505	241.849708
15512.739477	230.955943
15757.381282	252.064607
15969.851713	561.173839
15988.784161	224.880831
16039.848330	314.117251
16094.163484	347.739942
16116.285854	161.799939
16195.002777	330.575714
16402.045568	460.136968
16456.072145	512.597285
16466.689120	283.646910
16469.314595	326.555789
16570.013491	202.414621
16642.085164	193.323245
16673.954538	358.345033
16699.948181	224.633211
16700.765642	352.210545
16759.176957	330.807604
16814.374341	372.764337
16895.772542	356.643700
17024.962693	141.854687
17124.760237	280.296183
17149.753523	227.256040
17186.038453	355.050507
17373.087602	264.883031
17384.167533	268.385427
17512.434393	572.661372
17791.011668	368.475445
17799.961052	407.386178
17838.889703	224.591259
18118.011582	301.351591
18234.125940	380.871539
18337.317686	417.569849
18521.374464	271.943399
18671.882072	246.399738
18824.717981	325.516181
18979.702508	238.869583
18990.565330	347.846604
18997.254552	253.353422
19744.892335	781.811714
19803.869013	436.991075
19819.326020	552.369048
19879.517565	476.949744
19891.744746	517.024453
19911.335779	379.736737
19947.131539	271.478993
19951.742661	499.136446
20041.556913	252.093753
20112.993418	860.286575
20158.894295	623.670155
20239.504181	373.413992
20261.774631	342.194413
20398.250216	334.011242
20529.977623	309.080490
20569.711291	399.132313
20818.163253	560.010599
20842.515036	219.846926
20894.677877	563.527430
21053.710004	321.911650
21174.445545	267.429207
21357.713469	1013.683845
21359.745042	938.751993
21427.503738	481.927989
21705.071773	322.753718
21980.970435	673.246966
22123.424481	342.196408
22166.001807	317.380891
22213.386264	529.833518
22315.573298	349.964325
22376.068736	322.598664
22555.231129	374.870429
22620.356507	424.274499
22770.183419	385.904541
22817.479612	487.956394
23073.243058	958.223777
23074.658804	488.485952
23075.504550	815.047867
23423.356999	341.287863
23427.323504	359.566758
23786.235018	498.873747
23953.282202	333.064925
24013.077092	511.677659
24284.879487	159.071195
24434.196682	394.965232
24499.244143	455.254336
24577.215883	423.379511
24682.720934	400.396779
24861.300086	411.359000
24967.366297	363.452116
25013.468190	286.755422
25027.645579	463.312799
25196.427523	515.298085
25343.158529	396.104526
25478.616872	379.664807
25545.189051	654.431471
25570.427575	449.024043
25930.148808	457.386071
26510.611169	483.187087
26880.198349	373.517318
27196.920686	541.446872
27246.744883	292.202594
27354.394113	427.411348
27450.339890	504.336593
27466.844305	387.901059
27670.634590	335.016261
27770.931880	255.756547
27824.587247	384.724710
28248.442266	498.058426
28321.907002	504.042548
28623.977036	724.608716
28731.674959	634.610001
28767.408493	395.984292
28924.102388	1231.970287
29019.466547	767.623841
29213.009747	606.899795
29340.896253	489.326998
29382.045219	456.350518
30097.665706	474.701214
30161.225555	820.400562
30168.466788	742.186901
30265.670183	422.940501
30404.695802	635.260333
30421.479873	580.778656
30422.474356	748.496078
30439.453410	959.607967
30509.478056	773.330300
30510.399882	802.565750
30578.597230	644.022209
30611.502872	1213.553433
30614.546133	829.851428
30626.502885	1002.718803
30757.318315	329.726033
31326.994392	690.118931
31363.003375	765.028989
31446.507400	346.342803
31665.242501	570.805206
31748.931636	654.762296
31799.286703	498.156831
32339.613535	637.319575
32519.187571	588.101775
32865.302919	420.338369
32923.117024	497.437194
33000.918084	526.792086
33258.168407	441.094612
33297.666420	667.357726
33324.619064	526.177656
33330.667086	305.648168
33530.862216	486.459130
33716.969673	524.354009
33903.239287	463.975226
34061.667215	534.108892
34471.568496	501.246734
35433.799577	570.915640
35951.959238	520.629979
36377.419715	657.813645
36550.512091	441.429991
36594.028827	536.503176
37017.633602	626.547202
37239.709301	910.775183
37254.931957	911.585657
37639.138027	916.017868
38643.811848	697.856502
38648.107901	790.529001
38970.044474	759.027883
39899.264521	521.953202
40278.218925	700.453260
40380.414150	416.541739
40403.817947	554.644612
40500.520121	538.595693
41047.705658	760.122646
41698.230730	573.568872
41757.118820	979.595148
41807.538252	552.488232
41823.543855	662.929834
42155.893774	451.877704
43558.272289	910.781382
