43188	1
886.462950	399.489194
905.457763	77.478754
1001.003111	96.461765
1014.557494	227.678446
1039.516418	73.293769
1069.527038	81.685700
1085.595031	127.575065
1107.545104	68.592837
1142.616149	297.274468
1165.744109	110.821314
1191.257385	193.667413
1217.771423	52.652977
1267.624449	73.958436
1289.259337	126.414584
1315.149962	251.434988
1338.210388	180.413457
1480.725647	81.744280
1666.806456	274.377956
1666.807481	139.122057
1794.902139	317.158407
1998.993187	429.712300
2202.080565	323.189287
2253.087789	65.279025
2271.443270	114.178876
2316.166409	543.200456
2348.208897	330.923356
2365.150054	220.893868
2416.209877	172.252976
2489.547355	109.337600
2526.621336	176.588412
2573.163244	103.833219
2604.260404	156.519959
2648.452045	80.709497
2672.164458	153.185770
2720.187487	134.133453
2744.319734	959.284260
2859.399408	115.243133
2885.432757	194.165342
3011.530330	181.773332
3131.492085	260.423160
3131.496741	172.264583
3377.634584	249.467797
3456.685938	144.021156
3476.699042	449.456326
3476.701648	146.737479
3562.213643	140.008009
3576.761007	170.445443
3651.288215	96.444661
3760.826982	310.478079
3822.912923	254.700561
3856.888890	332.587884
3876.745225	158.770744
3903.109444	205.787032
3917.896350	172.049101
3949.780833	126.839304
3974.475163	69.016197
4030.975929	232.488203
4032.981801	311.036108
4056.645593	244.408814
4072.507616	120.753868
4131.179036	77.828690
4145.533004	100.623835
4159.032312	153.467426
4187.009369	165.178150
4231.284581	205.959656
4272.871512	155.878107
4316.181117	79.862324
4389.107232	1062.041475
4389.108379	437.907197
4417.138299	149.736557
4564.177037	117.634967
4581.990268	106.524439
4608.187202	244.049636
4609.200528	96.410848
4664.243125	138.405712
4698.623133	237.321248
4719.290056	114.106525
4737.288181	497.978317
4771.341391	230.389548
4785.002615	221.469795
4984.425202	217.082026
5021.871641	109.357001
5035.456610	62.039454
5052.430151	1794.671345
5053.425586	185.893184
5086.491837	153.731387
5135.697219	181.167889
5159.469749	76.120850
5180.472282	602.848598
5197.131362	185.839924
5261.533297	227.679604
5319.424705	89.090212
5348.510815	88.473609
5366.555176	567.189722
5423.651920	91.629736
5460.318911	134.975375
5494.640495	242.775124
5495.650767	190.027355
5506.031691	157.345316
5519.605835	87.187156
5531.741264	129.644291
5549.710004	137.049235
5592.720058	361.055066
5593.717909	839.940453
5605.732953	281.167364
5658.658220	126.820471
5679.736262	199.786075
5681.748761	381.522221
5734.835854	159.968376
5783.893961	187.326334
5827.808883	168.173436
5828.829561	565.275252
5904.977014	175.207875
5927.861849	453.897235
5928.861312	131.196364
5957.937957	105.443978
5999.182642	106.607178
6022.938281	710.604050
6042.944693	383.195690
6042.948648	880.380910
6170.991074	527.289126
6201.037609	106.774423
6258.025525	742.108147
6279.013523	87.866893
6297.040860	272.366694
6319.051510	295.868041
6341.049657	280.285932
6361.153708	325.149617
6386.082144	1561.148559
6386.082829	411.884061
6403.093414	250.464808
6488.260048	556.265013
6514.174040	2439.434871
6545.263497	555.850040
6571.192919	1387.110326
6651.259590	211.826858
6663.560451	117.387374
6665.193526	159.009374
6679.275774	376.200369
6713.370603	759.655547
6739.287972	1919.318377
6784.405402	139.854584
6784.408955	1308.474094
6810.323117	3103.165752
6824.311611	205.472867
6867.340463	772.984256
6869.363390	154.767930
6883.471911	1782.365208
6895.357135	79.578677
6934.020141	116.892997
6964.385658	572.287833
6965.370076	501.642069
6981.386933	2452.158154
6982.393725	1805.903777
6995.435394	445.020465
7022.419821	161.915154
7031.413608	110.221834
7034.451651	404.570501
7063.443808	722.786862
7064.433023	1046.189378
7080.455508	5434.170180
7080.459066	4780.023661
7096.582990	3199.524249
7097.587458	485.137610
7118.454166	154.691968
7147.471335	563.659923
7164.490534	478.030616
7164.498273	1958.454889
7181.502236	1543.701845
7181.504695	3994.117999
7201.699837	121.138893
7207.512325	368.026864
7232.515355	1464.606005
7250.522661	1631.630456
7268.612060	362.789758
7269.526476	940.910571
7317.697296	77.238966
7361.767948	231.012985
7374.476722	121.050716
7398.632919	153.144591
7522.371186	110.179902
7906.560082	124.213970
8027.588577	144.803057
8066.152867	92.718869
8149.179256	131.070958
8168.201891	95.602754
8258.185070	64.688517
8308.195016	118.417561
8311.175010	136.439198
8368.448718	76.963897
8425.919225	147.838888
8533.279628	157.423662
8551.284020	198.030859
8590.968489	84.396984
8727.815237	111.747725
8743.218121	194.245819
8778.593716	85.324724
8905.360156	231.051908
8907.530274	100.318456
8988.380840	111.944846
9034.957557	98.084492
9082.627085	221.403875
9127.048776	261.088688
9150.570312	230.952313
9169.775055	290.666431
9210.039611	145.881049
9253.024793	289.271930
9299.678317	110.184583
9323.109456	79.812462
9410.008682	89.353375
9566.733611	98.903000
9596.983375	83.971503
9611.531763	137.443543
9625.672023	161.148559
9697.430556	143.238743
9770.029910	131.075524
10033.680847	114.725535
10131.464660	413.313258
10230.910520	200.300496
10287.090889	69.645930
10307.288709	253.669223
10308.242065	404.302946
10540.204906	86.994347
10541.381035	148.864971
10559.396302	99.633715
10602.419748	185.767362
10613.204576	87.285986
10614.789854	94.776505
10677.040238	210.548906
10677.988040	131.145216
10713.512886	205.525740
10868.471247	166.364258
10873.082502	161.806321
10939.087456	163.984748
10961.420628	107.301482
11004.584698	102.329917
11024.414584	170.182874
11089.637412	108.129275
11193.320343	83.113492
11262.312515	170.100979
11330.659534	177.962899
11335.042165	138.252031
11363.671231	117.687431
11415.446496	141.189287
11441.001082	167.711288
11448.766653	283.418102
11539.533134	137.443679
11613.293027	69.094581
11796.454969	63.371379
11798.592407	189.075682
12003.891658	180.074489
12145.932774	170.985807
12266.867740	234.303385
12337.793256	102.902854
12360.855871	160.674704
12509.215092	115.579533
12718.879246	87.254016
12815.038802	78.271305
12818.240488	144.660728
12845.743660	115.312679
12911.726283	249.243618
12981.519837	139.093148
13198.415374	157.990622
13207.769366	129.395049
13229.380390	146.684237
13233.196804	72.756332
13378.341227	131.446456
13661.317877	168.385897
13742.695686	147.907689
13793.493707	177.627274
13952.820159	183.702499
13971.794443	494.095455
13987.572020	85.470620
14295.503497	176.816514
14394.271831	298.501761
14482.073746	152.822781
14510.041345	236.672794
14576.955467	257.340078
14766.783361	212.212613
14957.142922	183.678341
15023.813175	236.216591
15084.048415	217.486032
15573.789941	173.564200
15648.587554	410.415701
15659.524731	265.383030
15663.543600	614.011463
15681.518687	1385.643185
15697.596306	699.100461
15699.562633	1195.664479
15725.765360	214.112743
16231.000001	247.127642
16263.271951	157.791763
16287.605935	131.725136
16542.244799	155.526120
16569.552266	161.813441
16628.990118	148.834799
16641.194618	163.572495
16822.269417	174.712453
16824.903071	135.157040
16899.124079	209.996836
17043.867644	213.261657
17181.220190	185.272459
17208.864241	115.270257
17376.585244	166.055128
17425.968412	270.357392
17459.481996	111.856370
17594.116207	121.574988
17630.414098	137.254923
17687.581211	164.401648
18085.209869	128.530266
18289.827647	54.758160
18329.911372	125.725723
18380.151838	354.773591
18656.292078	85.001395
19091.405513	170.879972
19339.952442	282.833634
19419.128539	112.030651
19425.799280	196.116014
19673.560293	136.313638
20278.013261	277.162394
20321.993072	159.789146
20371.289945	217.265178
20410.939717	232.639288
20522.563339	323.534530
20615.568819	113.805189
20881.206730	143.743582
21553.032934	253.905306
21726.016669	354.684426
21801.241367	93.045105
21825.786245	192.363309
21926.291350	177.625295
21972.411193	136.133354
21998.842164	108.652401
22111.227647	61.197026
22781.728792	238.432083
23259.603129	219.403502
23391.344190	187.495646
23553.472988	98.271523
23835.298808	263.882276
23880.982203	92.554567
24394.111448	156.831358
25923.688746	395.897645
26063.064579	119.354034
26457.745630	217.002741
26515.385667	121.139113
26835.119122	242.355492
26926.969517	244.296551
26996.211569	211.672722
27027.216733	456.352557
27423.484027	319.150639
27646.783293	212.342660
27807.805802	156.226628
28155.695102	310.695997
28352.095763	397.050073
28412.350223	374.420268
28637.543000	151.471642
29479.553440	262.979271
29492.529758	162.306786
29930.073432	201.627125
29963.955733	271.133746
30094.537921	125.342766
30637.023399	155.979707
31219.010722	216.036152
32735.013772	250.356367
33105.560716	125.332783
34060.888244	92.194940
34685.753105	130.052810
35005.229463	186.955775
35804.946041	145.747758
36130.380918	140.948011
36227.783005	147.731230
36295.909172	130.101414
36312.539385	440.505188
36529.859693	115.148311
37133.477594	135.601149
37535.426647	273.241825
38134.028825	286.017963
38484.094209	140.150389
39515.924818	139.296816
40741.650095	140.523852
42023.408494	108.712341
42104.036947	126.097831
42444.367527	118.051571
42510.249337	88.594325
42844.310131	263.225363
