17442	1
675.350219	42.278586
726.682860	24.765923
762.381957	26.207099
774.419067	81.820538
829.443359	39.053491
886.464049	105.167785
902.514282	65.025900
963.494018	32.317380
984.393920	24.191344
999.496153	35.745277
1014.559508	66.873920
1027.518614	26.524007
1060.496277	23.453041
1088.592956	56.553296
1142.618102	137.064320
1189.757873	27.364190
1204.611632	35.613835
1229.649841	196.312636
1261.930113	34.595903
1337.554504	29.294061
1358.692931	175.378321
1401.106993	42.735162
1422.105896	41.767548
1435.420958	47.650145
1471.779846	110.904048
1535.769226	310.742002
1555.197569	116.456816
1568.889708	91.437500
1580.098620	23.859028
1630.513611	63.587161
1676.324157	64.537694
1689.303210	26.878779
1699.155945	43.870864
1710.850573	25.707690
1719.892517	53.641582
1805.923545	194.619274
1820.544780	49.473349
1820.961821	26.255823
1866.951794	106.428620
1904.991157	84.076794
1923.972803	37.769872
1953.419350	28.413395
1973.906724	33.609029
2011.763317	28.358855
2047.094153	33.255239
2072.044580	191.397223
2089.411768	40.624060
2112.662025	34.312472
2126.510744	35.522640
2146.677884	31.332214
2167.120506	43.824947
2185.129783	351.696767
2215.134185	59.832994
2267.165289	95.507317
2286.177645	491.708880
2330.200828	57.748135
2347.211430	236.446727
2354.678763	17.718630
2380.218074	45.044606
2410.121084	51.699850
2428.713537	41.906750
2439.193466	22.176348
2449.372952	81.092720
2463.232816	28.668707
2498.256492	196.168066
2514.902891	24.639578
2529.994797	24.097982
2534.307859	30.165964
2550.353174	182.486939
2558.708599	28.934526
2561.601797	26.706905
2576.325841	30.744307
2594.276856	64.334456
2613.283596	586.634270
2626.368160	50.848343
2662.351474	120.515806
2692.361083	75.518063
2706.390039	38.889305
2720.321355	36.543465
2755.370271	44.359532
2758.407306	30.291809
2782.789836	28.956357
2790.447747	68.387272
2822.383440	38.935492
2876.459072	25.309051
2919.427155	111.476460
2943.677544	61.533245
2949.943157	26.185859
2969.649647	57.278663
2980.917801	38.674070
2986.766661	34.750142
3011.535060	736.867547
3018.143659	20.348872
3025.372611	29.347541
3033.604406	26.314361
3046.920873	35.150759
3047.479876	67.486846
3061.112444	46.547383
3064.057042	31.815616
3070.530418	25.875828
3091.506737	74.355508
3104.356344	85.968045
3154.536436	63.999201
3193.571691	31.584162
3198.204242	131.399415
3232.509139	44.584518
3240.604641	171.527222
3297.951725	53.523811
3345.664796	219.417402
3389.706350	42.953479
3426.675614	96.139494
3454.371956	77.587183
3482.726477	191.982292
3515.438119	41.070800
3532.124962	74.349386
3552.783184	103.755424
3568.769412	53.351548
3620.806436	63.566749
3629.794571	195.810560
3639.814412	328.616421
3673.476562	91.768667
3699.133676	49.668749
3723.941531	45.443195
3751.272351	40.505397
3768.843332	76.574711
3770.877281	58.534372
3786.885203	249.275534
3787.859952	120.799050
3833.986267	32.413416
3837.011335	70.631868
3883.311417	54.313694
3896.973025	36.511449
3900.946633	212.829799
3916.978381	45.162207
3923.943770	272.008742
3923.944672	65.781952
3935.805431	44.022351
3949.002696	51.842340
3966.073986	60.909548
4029.004354	147.505701
4081.785000	61.316698
4104.307204	31.632824
4115.849715	37.746282
4138.121663	89.692448
4203.006689	28.068884
4223.995579	60.157885
4258.074034	506.072661
4292.065069	45.659152
4292.068268	53.384874
4293.419512	35.931861
4314.145289	94.962511
4396.667992	52.034807
4433.633476	70.726556
4477.154747	97.455599
4501.177072	211.653337
4573.591586	79.308905
4607.254056	95.673916
4656.325980	553.015944
4681.764785	104.727617
4699.520307	63.960431
4709.284861	50.312166
4715.281547	78.547836
4743.536180	69.153519
4771.353550	280.083923
4801.359813	100.549640
4838.059110	108.895365
4853.532244	96.780739
4885.399969	94.283505
4921.397007	675.716925
4921.398917	108.258729
4947.393211	80.576425
4965.416333	244.079785
4977.354692	68.870548
4982.426392	694.499302
5051.443653	190.625936
5065.466530	187.355746
5074.152390	70.328170
5084.477659	522.290732
5139.816525	67.567936
5197.559536	303.952852
5231.591900	71.711988
5272.393819	54.067484
5280.724215	117.974977
5344.630915	85.159483
5363.617187	139.108577
5365.615583	95.957413
5382.638879	119.774114
5400.650171	308.043556
5414.560537	134.882854
5443.673412	145.468309
5462.685030	232.239442
5555.756195	43.891683
5592.779811	52.704145
5605.744410	253.620536
5620.286474	60.993214
5670.981694	48.350058
5673.159014	130.463583
5687.886561	168.802509
5699.829615	62.612537
5716.823077	64.485560
5733.844643	259.327684
5751.004882	54.931516
5890.399834	55.772406
5910.914343	115.031805
5929.663955	85.742828
5974.011199	90.415239
6043.040488	227.001023
6094.408164	87.052685
6108.984726	106.514624
6153.417236	67.602842
6156.303013	56.502541
6165.004837	81.521048
6238.032548	136.200706
6255.053560	279.854939
6318.848263	83.060521
6327.376199	68.584034
6367.088688	200.663800
6383.145817	554.816577
6394.174710	98.124725
6413.266339	198.416591
6440.149808	182.647898
6526.226726	76.185543
6564.322499	89.940713
6581.331207	237.733119
6593.250722	248.178482
6608.260977	327.463658
6634.345521	139.960652
6652.369771	340.056178
6679.292206	481.590072
6733.432738	189.761276
6751.441292	186.759996
6751.442098	719.240333
6764.356740	153.348906
6803.351673	79.122117
6850.359262	241.381944
6865.483970	152.979748
6866.483214	178.850314
6903.403552	108.500089
6931.392882	192.995899
6949.424471	255.251386
6949.428303	983.255682
6964.555867	873.735833
6964.563143	149.618614
6995.448365	95.512206
7032.459293	283.445861
7050.477500	755.177614
7065.600791	227.318372
7119.629075	353.638103
7137.501255	617.963535
7155.562042	66.037824
7175.868546	114.622518
7326.785584	85.425431
7431.634392	113.979845
7504.200829	145.194045
7609.332179	112.612096
7685.871322	86.323870
7800.045021	144.244505
7936.169117	211.933917
8114.453016	125.258731
8157.779734	67.480576
8203.477193	166.722721
8272.333533	85.494091
8440.322182	74.979831
8478.121008	95.433940
8540.458836	133.474819
8965.670654	156.706142
8994.304730	288.307714
9021.488515	81.231469
9096.362289	95.835753
9191.984641	94.246399
9360.288894	86.587631
9570.163263	149.144614
9598.262807	112.695782
10469.017394	175.984311
10489.125393	146.631966
10647.454215	102.344523
10843.123561	120.307535
10978.452828	106.126732
11770.894414	105.835938
11829.224093	128.920854
12197.126340	191.039195
12247.946640	210.572772
12369.006596	97.725973
12711.427598	204.160613
12807.311289	162.199961
14276.271710	247.074112
14377.295257	105.136332
15484.645596	152.571811
15862.964224	131.405266
16875.069030	112.801493
