44223	1
735.915710	10.988752
781.492614	29.642460
874.512878	28.857844
903.017883	17.462234
963.313647	10.916136
973.325836	19.869667
1027.044982	16.626484
1051.337463	20.096859
1067.204528	15.491109
1088.804626	23.702317
1103.361510	19.524696
1129.265564	22.758659
1143.053771	18.365551
1156.387023	31.224809
1180.315856	25.035431
1204.626158	44.676360
1224.611267	19.340975
1243.920104	29.009473
1258.285582	33.330608
1342.764342	32.815866
1380.932800	79.448593
1393.719054	48.122984
1441.757140	71.895314
1485.401428	33.319154
1506.367248	45.199165
1597.293273	62.034166
1655.369445	51.556233
1685.599670	46.254276
1825.238658	38.498312
1864.699579	50.880744
1901.686256	65.887829
2002.062053	42.285595
2191.991613	19.707215
2205.714598	17.401913
2329.667381	72.460027
2384.241359	36.669315
2443.046689	68.371486
2463.425107	43.434072
2482.478416	36.861891
2509.325015	35.989436
2553.256983	95.646407
2577.110356	46.976337
2653.127338	45.402831
2680.058745	44.000684
2702.336328	65.026146
2730.442522	46.195180
2741.578528	51.168896
2741.580646	76.268103
2747.012605	43.604121
2797.767968	78.160087
2868.622949	56.986440
2934.127010	50.316984
2974.553761	86.845604
3140.615773	79.062271
3167.430567	77.800060
3216.667956	85.326683
3238.652340	229.421827
3252.682029	112.886677
3252.684366	55.115137
3266.890376	57.656504
3318.178372	90.906680
3338.837983	52.567315
3368.332757	130.848805
3378.975954	42.223189
3405.955957	77.243547
3417.470623	65.813991
3445.548661	90.066098
3510.938058	118.613596
3552.661602	111.488918
3604.841754	94.376793
3608.045660	43.690358
3609.048058	175.893330
3618.598916	45.727208
3671.783154	73.078001
3690.331150	50.505796
3722.131154	117.408432
3744.558863	32.627521
3758.267572	37.590922
3771.874125	30.413546
3835.217957	121.175915
3836.999446	78.945830
3842.898564	48.065014
3853.716008	37.954269
3877.506193	63.491905
3908.024758	63.734968
3949.244016	128.117702
3950.249217	54.187733
3969.811168	42.325478
3981.802334	49.295381
3995.601895	56.320734
4016.089162	56.309309
4035.093374	59.600018
4053.845911	64.071184
4079.487619	47.645567
4107.161081	139.500061
4136.306648	162.476478
4137.318563	71.619686
4178.771461	41.363668
4198.912293	41.125476
4215.205059	69.289953
4239.922392	166.074554
4299.370990	94.125528
4348.736133	65.119839
4370.248106	104.338334
4411.040490	49.465814
4434.864373	85.615267
4501.450802	96.724727
4553.435758	47.342372
4558.400828	91.474486
4607.705991	112.983639
4704.440193	110.408876
4748.478525	122.844373
4759.406735	84.542326
4786.727054	70.150480
4794.547544	99.786561
4811.609068	47.626152
4835.942412	67.795418
4853.813921	119.376927
4864.982611	133.359448
4908.634779	85.348216
4925.999913	121.803330
4945.922905	175.548911
4989.530569	86.707351
5006.839488	62.202351
5018.717924	41.111075
5025.596843	140.729932
5044.532489	243.897361
5044.538641	209.373893
5062.388222	55.322903
5067.681117	62.559448
5086.211698	104.657387
5099.077015	100.180331
5114.922993	80.319560
5134.317105	63.868506
5139.724257	58.971317
5157.572984	173.957940
5158.583439	223.905026
5171.684685	54.958202
5180.176244	100.243568
5197.797286	59.216394
5206.038772	71.711347
5208.716921	53.647631
5244.713788	59.481654
5257.360276	125.052239
5288.634778	60.249270
5305.650391	331.941142
5316.801353	113.871853
5328.707310	87.095030
5363.766889	114.326098
5378.621850	68.924563
5397.167858	39.432757
5399.793969	84.944656
5420.672410	247.024139
5420.676639	197.904273
5465.501834	63.878723
5477.078087	67.712429
5503.716750	89.703362
5520.718232	145.227412
5522.724073	222.299089
5538.089307	94.999750
5555.719282	58.775188
5590.733425	131.206522
5608.753192	387.422589
5608.767034	323.007291
5626.038610	100.090632
5650.759203	86.664363
5669.537035	87.155463
5689.804085	107.565608
5690.524928	88.616066
5707.822200	255.874322
5708.824013	307.664705
5734.106759	80.299227
5782.052652	72.623972
5814.859366	49.706306
5836.043746	156.342649
5884.732315	59.441284
5937.866104	98.944353
5970.328399	71.957704
6017.766321	57.448908
6085.796737	75.421742
6116.172061	102.844763
6120.508735	113.349766
6132.608202	60.204845
6143.751312	68.777817
6176.952408	103.457090
6195.877687	90.533294
6225.014978	143.298226
6280.828251	64.358159
6285.521410	100.228496
6317.796213	120.914072
6337.148272	128.366972
6350.231272	117.270143
6394.894241	72.092210
6417.952862	192.518293
6502.370298	56.350946
6504.816173	123.078936
6540.050039	85.420609
6554.136634	134.164834
6559.092610	159.815086
6573.045654	131.139427
6608.998678	82.005710
6621.008036	128.212269
6634.090943	96.809442
6647.476705	68.487667
6732.527116	102.511123
6751.318001	85.601232
6802.857698	81.455957
6844.538807	72.846515
6846.535911	100.904357
6863.557395	80.309224
6905.651935	83.602720
6942.124837	81.730818
6949.566164	122.098464
6971.080689	125.187447
6976.257002	89.420131
6986.043457	89.867315
7068.167537	104.674541
7078.151431	90.826644
7096.677284	91.744332
7100.720545	94.361284
7111.676652	97.676467
7136.243931	108.576209
7167.201292	102.207844
7191.682821	102.737075
7191.979378	86.621631
7213.499154	83.150920
7264.805223	79.302151
7293.481436	141.233318
7334.851855	54.694193
7373.282111	109.901716
7391.580146	108.618737
7430.972618	61.335338
7521.775666	59.061941
7573.132550	68.301269
7632.008060	81.658591
7676.691635	76.955946
7686.391177	59.631340
7723.752637	97.907545
7763.055891	98.573276
7782.107700	88.566852
7807.542127	74.058894
7888.111779	192.373786
7919.570022	97.725596
7944.413746	70.867831
8059.210130	117.526508
8076.026573	66.626936
8182.174102	123.078326
8194.332435	74.659434
8227.024106	79.042558
8272.042700	90.550051
8281.189996	85.527125
8329.248180	64.348835
8339.722283	114.146505
8356.050415	75.166443
8364.214612	103.255220
8419.327258	115.805867
8451.090811	51.388727
8466.214568	68.981427
8482.971606	133.852884
8484.412847	94.769595
8509.949135	127.342988
8521.266841	87.565174
8535.130467	76.994867
8544.759020	108.737495
8576.426253	142.212922
8660.956515	138.816621
8685.272169	136.065467
8731.635171	282.536533
8732.637167	118.778449
8764.268234	104.781244
8820.081211	182.689829
8842.047754	165.645199
8876.562227	170.032210
8904.557823	139.052858
8916.662515	61.163200
8942.064767	119.208058
8955.461448	152.598030
9032.938863	132.533875
9119.947101	99.597986
9120.020874	179.418895
9156.957288	175.562209
9208.240338	105.158922
9276.930898	67.308735
9308.013949	51.461284
9360.443849	143.255369
9464.868854	132.638037
9530.530406	114.739260
9557.053944	201.011078
9585.745928	111.649839
9592.562042	93.465638
9654.077104	161.982450
9710.921560	136.046531
9745.118086	86.428859
9792.153618	93.154256
9820.110398	175.910412
9893.794547	133.956366
9934.475203	144.839109
9993.302723	103.421158
9999.173281	113.420977
10071.026418	131.551937
10098.482332	97.428049
10137.159850	102.836340
10141.702527	85.023221
10152.327714	220.977397
10167.821572	117.551732
10206.293415	139.958218
10253.406815	234.176542
10337.232648	87.107155
10352.949739	113.413930
10380.020445	140.772914
10396.515624	148.331562
10449.458256	163.987441
10474.628984	121.366807
10480.309131	130.773069
10494.903469	97.324085
10517.308293	115.029089
10522.524649	260.069615
10576.088985	128.041112
10605.277063	134.481463
10612.552532	147.786967
10625.565633	232.251086
10649.090567	88.686716
10679.568602	144.323670
10698.551948	204.790075
10720.762876	86.445090
10761.424642	186.478459
10791.602708	100.425797
10835.779065	108.346988
10901.647690	107.709237
11021.568771	175.965245
11041.605770	177.241716
11135.893723	165.664955
11184.639112	140.342819
11270.934251	188.110298
11297.917426	150.864367
11408.809987	142.154993
11426.347226	107.085050
11501.071986	144.143988
11557.879039	196.396792
11576.861440	173.181643
11648.077931	113.727806
11664.993458	129.102415
11691.734842	137.266513
11839.050652	171.544607
11852.185589	122.814350
11856.457819	76.712305
11882.077200	106.790937
11911.050822	142.170724
11968.100432	100.975796
12004.130696	149.346030
12027.578369	108.781419
12057.163093	123.490725
12067.584005	155.812768
12179.758572	141.454279
12266.337846	131.942909
12303.360305	209.277665
12338.967707	131.538712
12355.112257	147.212249
12359.328945	126.153486
12377.797075	273.385006
12425.329883	250.887949
12483.343066	141.470078
12502.900111	225.044773
12513.623917	192.529500
12550.540338	150.518295
12592.058295	159.981811
12616.063766	89.314790
12699.215130	109.429173
12708.853380	80.780486
12733.601829	129.208155
12765.602707	120.182896
12802.362065	146.640220
12856.701498	160.270696
12885.720440	136.028437
12902.410278	142.559545
12933.802469	206.887039
12977.637398	112.527274
13025.862596	154.657424
13043.408301	161.792612
13068.917411	87.621438
13069.904558	142.213731
13091.882084	135.473774
13166.687011	91.968883
13172.958064	105.534322
13197.369197	125.702241
13222.120563	63.511777
13240.756840	178.623613
13353.965391	139.878165
13386.480037	113.202448
13475.882754	150.894076
13518.184030	144.764611
13599.924881	138.502393
13653.744033	109.074840
13677.616352	141.900335
13704.291303	100.596810
13737.722676	141.156732
13757.105936	102.274218
13803.134956	123.214223
13833.083268	176.816130
13842.415862	109.433643
13854.672908	188.345059
13964.214086	120.623307
14144.307900	141.468350
14185.300492	179.078798
14312.198682	159.896024
14419.412561	146.563537
14522.988259	126.059219
14579.617938	153.555198
14787.486220	134.187515
14855.646054	169.846509
15097.700468	126.978352
15197.764623	128.749537
15204.071923	232.531408
15260.818048	144.188960
15269.823855	257.320121
15360.005670	160.389866
15432.641709	188.312192
15437.037108	148.881854
15482.701357	156.612291
15514.073492	142.587311
15568.974114	111.198070
15597.722885	202.225824
15673.157830	338.450302
15773.226675	351.874923
16032.309743	97.901627
16274.843449	137.342110
16327.321320	115.860792
16368.466885	169.149398
16420.358240	130.141403
16442.409163	200.250572
16454.608870	108.359513
16468.976565	159.552774
16483.746641	187.575789
16533.880418	189.719682
16564.173385	208.411184
16666.727681	151.939822
16682.276977	197.484400
16753.915587	182.690519
16804.641279	265.420075
16834.645470	319.442917
16850.653844	142.746864
17002.661301	170.480071
17185.368884	175.888275
17215.424556	174.154184
17376.997623	208.474827
17399.360485	175.291046
17436.211243	232.029144
17482.502634	147.682001
17825.693940	142.629707
17944.998642	182.965582
17964.201163	278.590148
18044.083464	215.180203
18114.646042	176.787841
18216.336255	139.940466
18291.848143	277.955366
18469.594632	165.674553
18543.551896	300.331336
18710.677009	200.492986
19030.042731	212.564238
19545.681148	130.772692
19680.561021	229.899730
19773.130711	164.070656
19806.973998	182.065284
19902.508222	180.778202
19965.759428	103.717327
20000.098196	190.791613
20120.371983	182.674881
20418.792099	215.054109
20787.467847	121.727214
20875.729717	188.197192
20900.957160	224.622543
21121.212724	196.335177
21143.865741	202.024891
21509.781882	192.524285
21541.438037	149.810287
21588.895062	200.704637
21608.801729	211.129844
21647.155129	249.603720
21889.826549	198.564155
21910.342976	220.889576
21975.623023	192.799672
22025.488564	197.216009
22372.240764	183.103636
22391.510279	154.448146
22415.355071	156.531860
22515.874720	250.189642
22698.853917	271.910744
22830.375435	256.647898
23390.759193	266.038525
23553.800419	256.050220
23707.573937	246.900434
23797.706814	223.993702
23960.982977	308.336027
24063.828262	186.980934
24130.567968	129.117472
24184.942307	196.617125
24263.195286	218.665177
24436.333345	205.857375
24480.330073	202.717197
25032.727269	291.995456
25053.672520	357.956083
25122.758251	533.547048
25471.769228	221.259671
25837.513047	194.881986
25991.858123	289.588618
26201.504708	204.384643
26628.992763	172.524937
26907.334960	227.930634
27296.930755	188.569626
27306.992058	299.269880
27338.132944	220.295530
27991.192688	374.966098
28203.587697	481.827117
28216.041806	256.530063
28842.296279	242.455520
29528.487161	309.584503
29530.227168	331.588432
29574.302300	599.124611
29650.302257	358.432912
29676.348012	620.032399
29752.903034	183.825320
30100.080452	286.705612
30281.504290	280.490473
31325.766072	414.475907
32150.254709	352.953984
32170.744493	254.169536
32343.363870	206.926237
33605.436070	285.712644
34282.328159	330.911096
34791.204210	214.768262
34874.699245	241.939802
35200.045250	328.414512
35652.470727	299.091275
37222.309908	238.580297
37933.545724	241.341569
38228.460574	327.549056
39146.971763	301.155683
41908.990198	348.603594
43489.743799	320.972634
