24584	1
609.040405	168.825598
757.670958	105.191994
799.459594	33.087112
845.491028	101.685924
864.481872	47.393275
894.406493	56.150024
929.358703	68.968633
954.308990	39.337825
996.560973	103.251829
1217.742907	455.804239
1357.577819	72.893009
1383.554504	163.250429
1429.808459	57.421075
1444.309556	65.495002
1460.698790	128.826202
1481.834704	46.940390
1491.323181	131.278032
1825.109281	592.641998
2644.528692	533.199604
3071.734453	577.674342
3142.774405	655.529637
3142.780460	873.330217
3255.860911	662.388342
3255.863370	464.447377
3982.293057	530.228297
4786.700496	939.673312
4786.708261	1132.479319
5420.943136	385.289638
7297.383005	478.763413
7900.675944	474.273639
8143.801929	897.063620
8938.931515	486.355087
8998.222795	610.927443
9099.036758	907.584062
9101.091123	588.402210
9170.065954	869.206298
9177.051056	340.118091
9240.105180	1045.592872
9241.089140	1614.345466
9243.096447	501.940236
9258.136753	458.070358
9641.310324	582.151792
9768.375282	1157.451131
9881.455336	804.073354
9964.909604	378.675861
9980.517224	1092.772249
10281.758522	469.315618
10410.647881	676.270162
10411.652843	1574.266835
10786.704319	672.652915
10954.006091	276.213609
11178.227963	579.760214
11311.277465	631.488141
11354.361416	751.428693
11410.350336	970.479606
11451.443973	707.326102
11494.445862	515.048662
11617.891209	757.531158
11819.556905	604.172558
11848.422166	403.692733
11851.591521	372.255419
11856.334415	348.853263
11875.491267	701.965856
11884.410065	333.789436
11895.593270	1006.324796
11903.401031	702.791066
11903.444929	1212.686615
11965.672837	449.536994
11983.453361	501.229223
11993.676276	644.234458
12003.488231	699.478683
12004.685268	678.284897
12035.674412	469.769260
12107.746892	460.394841
12119.706291	652.919016
12151.769810	704.612528
12180.688936	568.191476
12211.754854	538.821462
12213.775949	1912.474860
12300.792421	1218.925028
12335.843885	568.545979
12340.714539	675.279165
12353.846082	1038.474183
12355.842731	615.926793
12371.820505	1125.950520
12371.868461	1242.889304
12450.917980	524.099278
12466.911857	842.039110
12483.911003	1540.654218
12485.914713	1051.106267
12554.871288	425.333689
12583.024059	652.178721
12583.977746	1231.587941
12714.541373	529.057721
13137.733333	541.906154
13178.157519	706.817108
13371.689798	609.058254
13482.447016	466.632124
13550.583916	449.026995
13636.737309	768.535155
13847.545694	441.029767
14021.694666	725.279028
14036.130464	1038.271999
14064.818341	972.922179
14075.649317	553.044131
14103.803205	528.594743
14112.903708	962.058097
14334.010280	459.583302
14538.153290	484.309525
14604.902307	646.238772
14647.736038	606.022004
14720.525576	526.093060
14803.391938	543.784669
14873.951577	455.059559
15057.592407	820.681726
15123.767288	516.429360
15128.011088	566.076835
15391.976339	627.325742
15521.198710	632.312131
15639.538042	569.486553
15847.514749	466.618884
15945.502431	711.834734
15998.630124	597.776955
16076.552783	459.331743
16258.200385	482.019573
16385.449088	571.540572
16523.838614	508.748775
16525.691568	598.551488
16558.778279	338.982264
16828.023995	730.379402
16858.381240	298.377830
16962.544659	556.592729
16984.897340	454.063425
17041.877336	819.357429
17085.092466	536.810135
17135.170131	508.139627
17157.595382	600.387809
17238.112286	573.621391
17294.379769	560.921733
17308.009585	548.676308
17331.766943	944.379603
17358.426812	673.660217
17358.665747	571.297320
17512.290495	514.238542
17690.128243	563.225140
17700.743404	822.057412
17749.746067	760.552177
17823.621209	571.563106
17907.628854	819.727676
17939.429706	440.420330
17940.002833	835.135548
17984.908983	585.799618
18018.386469	960.483035
18071.094499	498.539091
18119.676229	982.167318
18193.167513	985.757675
18230.890685	300.261495
18253.099531	900.871297
18262.278091	596.569580
18309.064627	706.236878
18319.940530	608.942477
18412.835348	498.125682
18443.044408	1112.577491
18453.811974	355.713956
18467.245172	710.878765
18470.632118	715.990448
18488.602692	372.443126
18635.444553	454.781513
18664.648042	625.114573
18702.259717	582.773670
18719.325164	672.838486
18749.679115	900.821321
18774.821276	791.259323
18864.206020	832.691621
19019.557084	786.488009
19057.069310	508.001519
19121.037905	575.595154
19157.321493	948.996521
19205.459371	751.284774
19219.813258	641.381286
19234.373543	739.403006
19244.448330	899.079003
19262.410965	643.587540
19285.416010	1025.637542
19301.493737	2451.559785
19322.453820	645.425848
19353.008540	658.065850
19361.538430	739.445709
19401.240439	663.866816
19405.958647	349.379326
19438.288903	512.367974
19462.493605	759.827679
19468.112428	847.167153
19495.552543	991.631239
19509.593821	1576.016737
19520.592968	502.174139
19529.597319	4754.053173
19555.325696	772.685972
19562.899531	632.788090
19591.562027	905.383755
19603.356540	798.211535
19611.607640	1124.048981
19618.976829	734.927104
19628.689549	2056.382291
19681.615103	983.346295
19698.656719	1146.291849
19730.268761	845.269443
19731.325335	340.930395
19759.138856	944.036808
19778.767940	574.062994
19818.975304	431.444318
19844.350512	945.216107
19913.847717	1279.076219
19979.124044	753.785942
20001.928693	723.463221
20050.010721	534.062365
20072.271072	459.765809
20101.348194	437.305011
20103.897223	668.321665
20179.088801	543.494040
20230.379270	487.882379
20239.502528	344.775889
20239.650207	845.825894
20249.440351	587.525884
20265.164764	751.897069
20273.635019	605.660876
20300.145030	698.727655
20325.590258	568.582929
20346.269569	965.887505
20407.394599	311.486935
20556.378813	673.130392
20571.029660	713.443951
20577.508425	349.843024
20639.930311	700.718263
20643.497620	740.322855
20694.706993	781.821977
20713.315417	608.133858
20754.429167	648.103741
20759.076488	422.775700
20784.280779	602.455975
20802.156591	621.944982
20802.258982	441.407814
20859.515006	750.233766
20879.191965	860.150460
20888.060208	807.832201
20911.284840	1047.759551
20926.837154	736.918022
20999.887811	654.785551
21036.206421	806.671980
21052.283927	737.820525
21061.898279	436.440270
21064.104674	710.723465
21106.442003	1438.064958
21131.456786	761.215726
21143.424405	681.482264
21186.769220	757.218205
21212.942777	525.100979
21288.895590	628.508031
21292.990421	477.437928
21330.384949	825.352411
21340.302647	597.886833
21340.496081	751.465943
21368.260695	568.797537
21391.725406	561.982605
21533.260130	625.454807
21581.116383	843.371185
21587.302431	674.450615
21629.924993	887.481081
21659.861581	500.063836
21696.815964	603.271743
21738.859945	1101.995427
21762.902172	636.994943
21773.337408	975.183725
21954.785471	835.175674
21983.090946	956.870623
22001.140423	1065.981216
22031.870794	917.117843
22044.845497	1169.879718
22107.889321	884.304720
22127.783469	923.969442
22148.218309	1063.813742
22164.727342	775.598911
22173.812114	327.542201
22186.736090	699.541700
22282.447129	1523.734377
22286.875639	679.864491
22301.548967	844.089534
22307.468986	408.264105
22326.169316	777.682286
22348.949831	1875.238530
22381.241128	1120.008872
22412.638376	845.645513
22433.978546	640.339922
22445.909203	653.774155
22454.083106	791.655319
22459.477154	491.610340
22502.660703	513.131850
22504.175496	634.475690
22509.776786	707.337394
22556.369505	871.656946
22576.460923	735.260941
22629.357071	908.146684
22658.019421	646.956467
22659.446441	787.358023
22669.274761	797.183839
22699.804170	576.704888
22711.754920	889.601737
22741.702447	421.510255
22757.462962	500.593402
22763.266137	755.843860
22784.967798	725.116810
22825.265305	840.805881
22844.359458	564.268382
22851.948832	1204.835180
22870.153319	830.683691
22891.105670	650.967087
22908.853616	648.731429
22927.212795	1068.371107
22945.169767	713.601157
23008.668533	585.890129
23008.910519	693.859391
23074.798205	1032.658230
23080.847779	922.875004
23167.059225	599.983481
23176.814771	1759.729805
23198.070934	609.590011
23211.204321	469.633125
23242.299220	768.785873
23261.011917	692.239837
23297.813273	1316.483474
23321.917969	858.654897
23375.781262	722.139559
23382.786394	1137.443102
23413.793318	949.292303
23426.890274	627.275264
23447.939054	787.781810
23467.340696	451.397155
23480.916261	1028.482781
23487.358077	626.762795
23563.071172	447.878124
23587.588541	612.841211
23623.856738	1042.742957
23639.786921	690.366564
23656.742926	561.898496
23684.074859	737.251187
23714.039148	414.225383
23727.429513	683.603559
23739.624778	525.098762
23740.145779	1112.653125
23747.153771	554.945642
23751.081497	784.168196
23762.090147	693.424637
23780.058885	623.925642
23781.662322	595.281787
23793.916317	1115.393840
23811.907665	901.250243
23814.632087	485.560940
23833.225588	901.360838
23867.155730	1559.290568
23892.123980	1184.491832
23910.943383	479.737492
23927.688070	868.122794
23938.220362	2216.340779
23950.266147	738.379939
23958.503133	428.896173
23966.300212	719.613607
23973.114475	965.948203
23997.213220	1171.980904
23999.568519	472.588527
24016.195449	753.232167
24018.555405	543.940772
24028.673763	442.560562
24030.174948	785.878557
24061.128813	1136.081573
24065.201471	613.812079
24082.565063	924.471432
24092.121202	1225.964635
24109.186336	2297.267212
24120.199000	969.879448
24127.950498	474.811811
24136.207932	1153.860127
24140.549522	412.185998
24162.502631	656.381932
24172.109368	1005.000305
24193.373395	1555.170268
24213.732039	702.337568
24248.447092	1473.187855
24256.246369	804.286046
24271.097749	571.489722
24276.153217	890.141750
24355.346612	1069.869751
24356.996161	652.516840
24385.475173	943.683076
24386.067197	686.463613
24445.561670	642.988632
24452.317780	1271.302331
24481.773643	698.826174
24493.619420	632.331493
24508.145808	507.251563
24525.435840	1347.854014
24564.766463	506.471460
