45157	1
622.844787	67.111410
820.457031	34.057323
833.947875	14.189664
858.449707	20.047799
892.434447	35.732334
1001.807189	23.125868
1028.557189	29.834372
1044.527160	29.964867
1079.169493	33.535672
1125.608019	54.207995
1126.576843	53.105422
1159.592393	28.316612
1213.419006	86.564696
1225.638611	52.582104
1230.629626	17.405870
1238.156433	85.757482
1272.676133	32.858530
1272.677062	520.754654
1289.810362	44.862679
1305.401794	52.444092
1352.714781	39.445960
1397.569182	118.260721
1440.766954	80.465251
1463.225524	53.134782
1480.054260	30.085009
1539.836291	66.494862
1540.838592	88.469891
1731.436461	28.392970
1830.903221	147.278629
1852.950726	49.857728
1879.012579	60.485402
1911.375238	32.389058
1943.988077	77.780910
1965.063632	22.232608
2015.606151	30.868330
2029.845989	33.958836
2043.055212	93.840446
2067.404596	41.011625
2087.463037	43.698784
2122.118075	55.669141
2212.174468	36.859672
2273.367098	33.644690
2302.217679	89.563738
2315.247220	48.224860
2326.500724	42.421064
2431.254811	27.438698
2441.955228	47.565053
2468.298001	65.245234
2513.330626	48.247071
2527.857420	27.953731
2659.392963	151.664195
2695.449370	40.433749
2754.847474	36.159330
2826.629302	39.541777
2844.523253	47.831552
2854.556561	27.317923
2870.495661	62.876322
2889.758763	26.549419
2894.639069	36.805243
2909.559191	28.895372
2930.829891	37.025984
2953.595997	30.934365
2959.304054	33.928301
2995.920762	51.230482
3009.854657	28.329499
3061.106633	24.043117
3064.933978	58.826579
3081.544875	62.029892
3152.582444	119.901948
3167.726727	90.960553
3265.665108	828.766932
3306.230667	41.477237
3323.620634	49.594968
3346.088093	63.081175
3358.754566	56.280528
3378.750398	708.166406
3395.104299	66.700329
3429.163731	67.354979
3515.809401	150.145240
3515.809597	473.746513
3572.200582	207.818129
3601.107763	210.224746
3616.856319	209.951168
3635.016665	47.391107
3654.553352	93.067813
3667.870979	78.438119
3703.888144	397.380717
3730.068209	63.136488
3816.978890	53.075188
3819.001058	177.841796
3849.324803	46.606936
3867.093389	106.610637
3884.086612	33.024954
3894.176865	51.802015
3916.041522	208.653868
3932.667810	55.304409
3980.057309	47.998852
3996.176193	32.045938
4001.172658	67.144589
4023.893545	78.757612
4038.934896	77.734272
4071.153368	57.335684
4114.211837	26.630065
4121.789357	38.145410
4147.529390	36.421618
4180.221270	35.948788
4187.685700	61.347585
4204.210602	54.071025
4226.748038	44.257700
4257.245011	63.085102
4290.444184	43.993614
4332.313459	51.375674
4347.633442	60.040087
4369.269425	30.446366
4405.307201	33.489778
4428.338023	47.485690
4463.422572	50.304648
4505.432339	64.492926
4553.396116	124.924968
4633.527457	61.600998
4797.969236	388.375004
4832.455186	83.830460
4881.716515	72.456973
4900.856550	48.483188
4928.492258	604.838174
4952.693743	103.694940
4984.668627	108.479340
5000.581022	87.587840
5022.530332	56.939317
5042.576636	279.913713
5098.595343	1334.228376
5099.602411	124.369862
5112.726648	115.895200
5112.729529	95.752764
5125.537743	111.101714
5169.631950	486.744070
5183.762230	73.932991
5184.765971	85.094691
5257.665740	264.160204
5257.667004	1542.442427
5267.783224	105.835832
5269.795504	56.694191
5283.838674	144.237473
5283.838870	153.481417
5325.814048	84.254899
5355.724194	227.981266
5369.862204	64.825942
5388.511211	79.259685
5422.882389	205.658211
5422.896109	161.557879
5441.902770	80.765388
5443.762676	328.108994
5484.960307	52.975054
5493.967247	82.664916
5493.975919	130.618276
5514.798707	242.285428
5540.488721	46.208787
5566.014070	148.410975
5584.776716	67.022520
5634.030309	122.169123
5635.031242	272.118552
5676.372166	64.130496
5714.332982	66.985917
5756.058502	136.781149
5767.502986	104.718374
5798.268861	79.291737
5820.131288	118.125668
5838.130098	103.322711
5845.282044	50.737507
5967.192875	65.417496
5991.165753	71.307509
6043.143960	63.781184
6217.111064	74.322674
6245.172275	83.408323
6290.303237	43.758941
6299.337918	81.303973
6321.964718	70.793226
6365.985116	49.240869
6371.208335	217.329779
6384.315024	86.869585
6393.158754	52.721058
6410.261993	169.900906
6427.409050	87.070799
6458.808134	79.998854
6490.485085	90.057873
6520.468521	44.292241
6682.279851	126.468689
6695.163377	139.728878
6702.538233	87.318832
6712.488492	128.185249
6735.608171	104.393950
6812.555783	140.381751
6859.641293	68.840673
6882.599872	242.686194
6904.201849	65.862549
6924.635843	67.380991
6960.062459	71.357312
6981.670593	183.675083
7050.518520	52.415723
7093.746973	286.659867
7191.798714	142.606057
7192.074275	96.523968
7222.223027	75.124044
7265.820922	116.427560
7319.242877	97.336127
7337.871900	68.112429
7356.592593	95.044705
7375.919733	83.865954
7395.965130	769.864366
7449.989606	85.456588
7457.849152	84.400560
7477.947653	85.614521
7510.933625	77.294533
7530.975617	160.913153
7545.479838	89.724898
7558.315156	81.245484
7599.910125	79.372079
7608.565503	84.556863
7614.292907	75.258256
7766.992341	47.161118
7788.722974	53.818442
7792.359736	51.740392
7810.967926	67.176435
7848.069605	170.477844
7871.485591	68.004696
7946.669854	72.238804
7967.389055	117.286334
7973.256444	88.482386
8020.592555	73.036605
8058.172734	110.490265
8105.102771	97.883051
8172.267168	142.455381
8291.976808	135.610151
8329.195603	64.376368
8421.407507	110.310039
8477.410942	118.151007
8479.160593	68.375721
8506.316833	52.273476
8536.305909	79.005158
8552.479747	123.443266
8592.512696	225.170969
8684.580811	154.594329
8782.639798	223.465906
8853.652343	149.059202
8868.586280	94.129706
8912.693439	147.904940
8931.811869	117.824868
8935.654646	105.367492
8961.676915	119.302566
8966.710131	136.643212
8981.717567	250.331296
8983.724360	436.232019
9035.564278	96.891771
9044.976893	94.609576
9063.785603	102.642036
9097.752513	354.633120
9097.754026	450.608490
9136.910458	130.091727
9151.780335	140.307534
9168.794067	553.515183
9169.797564	667.780005
9239.831402	724.662485
9240.836028	1012.260500
9284.231728	84.631883
9293.815685	90.301674
9324.793630	111.173766
9351.858091	475.980887
9369.871484	778.036968
9369.879558	1583.414630
9467.995342	227.378577
9468.936987	716.831320
9468.946923	1773.959766
9568.013622	174.826262
9568.015258	814.370110
9568.030229	115.009601
9638.037784	417.465801
9640.338034	100.293658
9669.563170	144.068201
9718.082114	452.455818
9736.095795	4509.960588
9736.108051	1235.046053
9737.094435	305.400944
9750.680756	70.398413
9921.190477	107.842529
9941.178749	215.826770
10002.890662	115.799443
10025.311680	149.808450
10065.297462	155.275050
10098.386529	166.630406
10196.332512	675.666356
10207.211310	122.460320
10254.538089	85.909652
10274.202047	95.093945
10291.487600	63.424135
10308.392656	141.829878
10322.385040	108.760071
10326.387560	820.657401
10370.337569	76.116998
10439.469422	948.986637
10569.517841	1063.844651
10586.508908	275.255123
10589.601729	72.240921
10625.509572	298.819583
10627.531135	6328.713434
10684.554569	206.931209
10688.736371	175.596164
10726.595932	3440.246134
10750.501352	76.169215
10781.618757	1185.398023
10796.628960	11504.538357
10797.635264	236.356415
10827.716675	114.930330
10872.707471	119.774853
10894.723361	124.438841
10910.715780	762.166053
11085.829019	210.511283
11202.030724	104.912778
11314.157030	126.783694
11377.697026	93.413661
11722.819013	151.852417
11788.249059	62.607894
11819.986976	180.684526
11825.395593	91.179440
11853.330461	111.090180
12535.020250	93.234579
12709.973550	82.711747
12802.290292	147.408965
12814.778244	138.662983
12831.693779	119.424565
12924.931307	120.854860
12939.853047	84.308222
13225.590643	108.003384
13352.776114	134.158826
13504.116242	74.111943
13562.878447	108.572579
13729.589337	128.795972
13771.100984	101.674072
13774.545389	132.961078
13866.575470	102.652363
13927.163029	132.290169
13971.262802	92.157710
13976.176137	78.732108
13988.497641	523.833801
13993.643467	65.793209
14258.396584	132.838287
14273.471269	136.799069
14326.557988	191.574793
14745.130258	101.738507
14759.632381	82.174621
15211.353805	129.779879
15606.514353	258.925427
15653.172118	188.438762
15715.331204	126.465004
15746.411914	182.322725
15799.533860	173.025205
16030.967689	118.264930
16051.563050	215.977549
16267.745253	124.999981
16371.810414	178.815017
16539.570230	142.099190
16700.107065	325.374554
16761.692587	125.412798
16767.738040	249.687225
16822.937116	140.506500
17140.998396	129.776753
17315.825742	148.998400
17951.673201	244.426673
18097.827961	135.781373
19376.236023	199.707494
19413.174156	167.146861
19442.572081	189.310891
19562.230769	138.023002
19632.625266	299.600195
19778.938294	110.479583
19941.264204	194.528746
20043.268288	389.163335
20107.264607	150.714228
20232.162943	241.069591
20781.721367	162.762947
21002.314115	141.258129
21102.963334	292.847871
21192.045240	256.269032
21219.962883	639.570469
21500.207277	357.502844
21534.226726	341.535261
21840.674132	146.911884
22313.763188	154.529214
22333.002070	440.677964
22360.086170	178.270762
23055.708842	165.641973
24070.185606	167.104484
24740.519115	185.073974
27377.028454	158.256186
29183.930742	221.367743
29505.390616	186.228035
30034.032711	163.710116
30494.158958	240.127161
31389.611431	146.693413
31997.412803	212.772129
38211.724633	212.211060
44957.969128	195.329413
