44326	1
687.387329	36.571933
771.410339	14.415316
802.383238	19.413216
836.948058	44.484870
859.456299	25.153506
929.485168	72.710774
991.492888	41.939996
1041.147155	60.034365
1075.567198	257.372900
1083.427574	12.213609
1206.337218	47.582471
1221.648254	23.325125
1234.616150	119.681861
1258.049986	35.194886
1274.699278	122.386455
1297.658386	51.021903
1324.819153	80.174434
1354.667784	31.564307
1373.767883	87.832144
1400.223448	32.139320
1414.782212	54.505067
1501.825304	54.936320
1623.850280	37.353539
1629.883898	81.331558
1645.825670	23.560763
1682.909044	28.483715
1700.921374	147.592732
1727.924180	34.423752
1761.593492	28.416309
1785.010265	33.617663
1814.002671	25.432374
1814.005893	294.336882
1870.489056	22.715259
1884.668738	43.924607
1914.985132	179.944203
1929.032861	484.620841
1944.420694	28.164954
1970.623080	38.564865
1993.123069	31.670965
2012.069500	301.554906
2012.070707	29.176885
2029.076226	157.321841
2030.080481	362.806828
2044.775214	36.280113
2097.157416	45.209307
2121.316561	40.329802
2124.148610	41.871302
2143.165189	233.479949
2208.190385	186.272624
2226.200634	296.003737
2226.202051	1105.229566
2244.211805	322.269218
2244.213771	328.178824
2325.126365	78.205223
2339.286387	143.073002
2339.286522	222.608483
2357.297032	448.663304
2414.185689	275.601735
2470.381248	254.227986
2504.222128	57.368679
2509.554355	45.480067
2542.281885	175.725027
2542.282818	101.672638
2571.212072	69.880206
2593.399463	23.917800
2598.439363	228.481758
2654.485083	29.736749
2660.296145	36.117938
2681.480485	63.178365
2697.298753	54.781640
2714.319008	32.060150
2721.319384	70.804561
2726.458684	59.895763
2745.472187	279.706131
2786.930950	42.217124
2811.371435	25.717432
2844.058365	36.767216
2874.516501	108.512517
3001.638822	59.119127
3036.796636	45.058737
3055.954411	57.820458
3082.989974	22.020874
3089.898342	97.838909
3118.376899	37.318922
3305.654696	97.037659
3337.634449	329.963474
3355.812793	60.078390
3456.194849	234.894193
3515.252193	58.742261
3547.771758	86.580722
3547.784257	172.426689
3565.281362	116.006733
3588.012105	72.992477
3618.298123	76.929249
3632.012179	36.348887
3651.176856	82.371578
3676.855028	106.674682
3695.478311	26.750033
3716.927052	50.875442
3743.435345	69.055972
3745.000849	79.021728
3778.133969	67.193358
3790.880155	83.942404
3791.860733	66.333536
3807.850228	30.100129
3810.608633	62.127988
3830.807386	167.249381
3896.968936	43.382707
3927.240601	38.258581
3962.343700	82.106199
3982.444699	27.593222
4088.985348	37.782016
4101.941982	35.713611
4128.628425	49.515447
4136.970266	65.140508
4292.420794	58.702601
4470.248179	114.051186
4539.220497	72.809311
4574.200203	39.973595
4668.280862	295.680001
4668.282070	332.007792
4690.259748	45.802422
4729.597068	81.841431
4766.348227	369.455313
4767.352181	491.799305
4799.121275	59.536740
4831.275895	80.675228
4846.771591	67.218591
4864.366893	49.459468
4875.390160	65.262283
4879.381847	80.476392
4896.394928	365.003758
4896.395613	413.527197
4910.425983	58.412287
4942.152799	86.543491
4991.468440	71.822229
5007.429655	119.749695
5007.432023	160.887572
5024.454160	269.094555
5025.451432	340.907880
5042.509832	83.845361
5076.431198	62.861146
5076.437747	134.607386
5094.456689	374.111442
5094.460486	144.753578
5109.477441	128.609532
5110.480571	56.869723
5111.484900	686.783759
5129.923782	60.168539
5150.956778	68.097920
5177.172295	60.963618
5223.567544	462.948046
5223.572379	221.756807
5311.600351	250.786040
5311.608879	134.080233
5425.639530	141.562243
5425.641623	326.438359
5538.680616	129.109745
5539.688843	449.336885
5539.692218	122.097483
5618.195915	81.531022
5667.782859	123.352980
5680.596875	104.355361
5698.169922	47.635461
5735.910884	121.994329
5740.137333	62.651132
5779.800503	94.850658
5795.820776	205.172976
5822.532581	47.814007
5852.056516	55.198774
5879.189778	55.697414
5895.278179	38.605115
5908.916527	82.412179
5924.918233	198.137522
5924.922549	216.584859
5946.032429	39.817188
5976.027726	72.470813
6005.919628	55.447779
6006.170099	46.141019
6019.996068	112.993205
6038.004881	301.928422
6038.010293	212.198060
6077.243837	67.615609
6078.240101	63.479864
6093.602182	57.261174
6106.017544	49.811858
6119.398219	76.720454
6149.993931	43.717377
6151.044329	91.413388
6201.017467	66.954795
6212.298918	55.902069
6226.711516	70.111640
6242.012180	76.511460
6260.129864	54.827998
6277.077903	205.546365
6278.060917	183.601225
6296.087644	333.530832
6296.089035	715.235138
6309.140468	43.108646
6325.150753	60.893316
6361.173850	81.791737
6391.145265	229.672138
6409.172777	1255.626845
6410.142246	73.852621
6410.182037	228.291417
6424.164713	109.527243
6504.205625	82.146730
6513.942813	59.419169
6520.192001	559.649662
6538.216884	1392.703845
6539.211709	263.244560
6554.202723	173.493142
6604.238203	53.509832
6620.255782	560.149303
6668.229802	573.619658
6669.237170	129.729381
6670.230675	91.348298
6685.243182	276.155478
6685.249199	276.209444
6685.249822	2716.056202
6714.280808	202.122052
6731.279379	97.068114
6731.283268	682.667107
6731.302751	90.444182
6748.311335	587.366468
6777.270327	106.961396
6780.267615	563.281269
6795.285547	679.337749
6795.286658	2725.136743
6796.314320	74.180185
6813.307174	2752.723689
6813.307191	289.672874
6826.356734	136.202512
6844.357459	137.318284
6845.359216	79.814866
6861.397579	514.432653
6869.332798	79.354568
6889.357414	146.395163
6926.391628	2595.846560
6926.391982	675.221203
6926.395486	159.004391
6960.628442	61.638636
7021.452628	177.770257
7023.456704	121.173564
7039.476065	905.128660
7040.477334	433.046817
7062.516275	89.865391
7073.502612	80.793167
7076.522369	340.577026
7121.498098	112.699747
7125.500461	431.787527
7140.521719	2437.291899
7204.844050	71.414818
7252.602404	316.450551
7267.592088	92.446893
7288.478804	82.818565
7307.100442	78.242615
7329.832237	101.996478
7337.630201	77.995910
7339.645569	117.982677
7354.658329	313.500378
7367.384485	108.887444
7407.579335	102.713021
7414.657198	62.187997
7451.674115	119.417744
7469.680027	588.005246
7489.508098	78.673390
7515.446979	69.453958
7568.242131	54.046364
7582.580178	208.462912
7583.768576	168.286817
7584.578731	112.994765
7598.583422	72.280249
7599.190612	67.883770
7624.579018	69.824711
7653.811521	189.415168
7653.815257	129.834419
7723.915624	146.622426
7762.812397	81.334682
7863.878287	68.667708
7878.929243	164.606690
7890.909984	243.661977
7925.164828	96.974732
7943.297949	147.004696
7975.948063	92.589973
8146.860205	92.183932
8149.982448	85.724412
8276.765972	66.999265
8292.929567	71.361405
8308.042916	223.751637
8319.200497	75.797178
8323.727975	78.329134
8363.901829	78.667090
8495.391197	79.859838
8512.368012	83.851238
8525.554535	113.705872
8577.341236	426.655686
8602.252756	107.857023
8611.124160	110.618415
8640.525795	92.476966
8645.168726	59.053083
8695.410676	87.869084
8725.617977	142.284304
8839.605346	81.981883
8853.448594	439.052149
8867.525769	74.787439
8886.874483	212.498515
8920.343503	119.909598
8953.525557	325.649688
8954.520845	219.656813
8974.675407	96.898530
9018.873451	65.947421
9020.566785	84.332527
9029.674158	79.737470
9082.569455	556.609113
9082.578292	201.906053
9153.460119	81.899235
9202.956163	101.326275
9265.676381	274.804567
9265.677843	200.680451
9282.667671	259.259545
9309.525019	69.622470
9312.067512	79.486287
9342.574475	156.917237
9450.883351	97.551396
9453.968417	91.286641
9476.612542	111.815683
9506.137742	96.844990
9608.874719	70.013121
9610.478087	51.182211
9659.997671	128.838768
9671.762407	72.298398
9786.023906	76.125408
9800.292345	115.356182
9812.572897	113.597888
10003.138391	84.552221
10274.307284	107.553039
10322.452959	112.357973
10410.552300	148.527702
10500.204011	107.568216
10518.469888	70.518624
10589.180740	140.220664
10623.525529	127.550994
10632.525647	66.085095
10654.849807	90.141045
10695.292200	136.891825
10722.875259	98.687967
10817.885374	110.173643
10862.925651	163.990844
10862.985758	193.990574
10872.914232	77.503034
10912.233650	101.178334
11156.963540	81.857482
11158.857069	85.053128
11212.803581	135.823460
11361.675460	89.352293
11396.521813	109.837183
11421.432690	126.579268
11452.522255	188.205108
11473.807468	86.631127
11520.938118	118.372696
11635.826212	123.443673
11674.618349	94.911433
11914.241262	146.099032
11967.935245	93.545301
12054.111111	108.779805
12055.640302	130.227944
12147.911617	107.762935
12291.027635	134.462622
12334.083527	148.965634
12423.429084	102.570904
12505.428201	116.212260
12594.100920	169.558388
12627.015683	200.665591
12893.261148	132.918591
12941.196174	88.466381
12942.233407	107.178650
12943.677767	91.848486
13025.007321	100.037896
13125.984778	81.007738
13145.940116	131.162266
13290.945458	77.006566
13477.769574	139.103370
13486.854766	103.204354
13625.248923	147.423402
13663.608392	78.202063
13743.641175	249.875856
13781.702218	499.006363
13802.560119	100.401451
13828.799447	220.872299
13928.432548	130.498052
13935.877385	99.606840
13944.040444	117.376035
13970.828140	127.041630
14010.462633	153.157927
14192.598568	75.035313
14431.952015	111.459826
14497.942496	123.861348
14616.305030	144.523724
14646.878097	180.495730
14737.987569	277.512178
14763.177701	128.036160
14797.766564	125.689487
14909.330894	146.942999
14940.352306	280.106250
15061.353973	143.154517
15077.053117	161.125051
15157.144848	86.060011
15821.314753	97.919779
15840.384474	132.361625
16060.489137	148.036260
16088.166558	123.671431
16156.413588	106.447160
16299.673085	96.642292
16316.244216	78.795622
16348.817510	97.328028
16418.107609	136.740597
16448.034447	97.389659
16491.904488	215.331551
16686.772287	104.686638
16699.998427	153.079026
16835.843941	70.390506
17143.849518	115.423612
17287.694172	96.604132
17355.734203	129.166595
17391.346500	230.301829
17407.777089	224.679638
17727.614218	155.894845
18075.445927	100.213825
18130.126510	403.027593
18592.555418	121.181896
18935.465774	113.654667
18972.971642	143.697908
19104.525226	108.526397
19129.353908	96.203617
19369.750341	150.809303
19778.089499	89.238561
19943.658539	212.847175
20003.728447	113.569728
20156.660636	224.767024
20157.801907	188.166842
20318.681963	151.664498
21074.734305	104.640035
21124.152772	255.330847
21639.369927	156.975654
22035.185483	175.928702
22195.062991	131.096940
22664.734331	139.015101
22859.837968	144.924093
22983.741873	115.136368
23254.446581	269.890091
23378.705937	122.901502
23636.586499	217.345545
23785.026175	175.281019
24158.652281	231.745288
24175.082810	190.001911
24401.207237	164.005019
24463.876251	101.541646
24589.107626	159.209138
24614.553059	164.329178
24654.470951	192.700513
24728.704051	211.158965
24878.346958	341.557990
25050.838504	117.591123
25404.582665	104.628785
26352.046840	189.025788
26473.624815	192.323932
26544.052353	219.951581
26639.823436	162.278453
27005.213503	183.609783
27423.927182	207.051055
27617.235429	200.343529
27720.537147	244.986208
27901.792175	199.609805
27957.106968	162.658082
28092.619455	181.633039
28598.025136	227.470284
28651.354376	326.238193
30732.485090	229.286687
30954.683847	140.211601
31266.219688	162.859828
32165.207403	378.244845
32697.880503	240.343559
32761.762055	202.537706
32962.191086	245.281592
33115.731797	203.894161
33133.009617	272.112662
33152.021161	233.034251
33242.915863	191.235814
33495.389833	150.118286
35050.609754	171.142002
36824.382408	181.341684
37881.475702	227.974541
37938.090444	259.035289
38529.509120	220.480396
39645.338978	277.984887
